   0.0000000e+00   0.0000000e+00   0.0000000e+00   0.0000000e+00   0.0000000e+00   0.0000000e+00   0.0000000e+00   0.0000000e+00   0.0000000e+00
   0.0000000e+00   0.0000000e+00   0.0000000e+00   0.0000000e+00   3.1400000e+02   2.2900000e+02   1.8500000e+02   2.2000000e+01   1.0000000e+00
   0.0000000e+00   0.0000000e+00   0.0000000e+00   0.0000000e+00   3.1400000e+02   2.2600000e+02   1.8800000e+02   2.2000000e+01   1.0000000e+00
   3.1400000e+02   2.2400000e+02   1.9400000e+02   2.3000000e+01   0.0000000e+00   0.0000000e+00   0.0000000e+00   0.0000000e+00   1.0000000e+00
   3.1400000e+02   2.3100000e+02   1.8600000e+02   2.2000000e+01   0.0000000e+00   0.0000000e+00   0.0000000e+00   0.0000000e+00   1.0000000e+00
   3.1400000e+02   2.2800000e+02   1.8800000e+02   2.2000000e+01   0.0000000e+00   0.0000000e+00   0.0000000e+00   0.0000000e+00   1.0000000e+00
   3.1300000e+02   2.3100000e+02   1.8300000e+02   2.4000000e+01   0.0000000e+00   0.0000000e+00   0.0000000e+00   0.0000000e+00   1.0000000e+00
   3.1500000e+02   2.2800000e+02   1.9100000e+02   2.2000000e+01   0.0000000e+00   0.0000000e+00   0.0000000e+00   0.0000000e+00   1.0000000e+00
   2.9100000e+02   2.2800000e+02   1.8800000e+02   2.1000000e+01   3.1300000e+02   2.0100000e+02   2.4500000e+02   2.3000000e+01   2.0000000e+00
   2.9100000e+02   2.3000000e+02   1.8600000e+02   2.2000000e+01   3.1300000e+02   1.9500000e+02   2.5200000e+02   2.2000000e+01   2.0000000e+00
   2.9000000e+02   2.2600000e+02   1.9100000e+02   2.3000000e+01   3.1400000e+02   1.9700000e+02   2.5100000e+02   2.2000000e+01   2.0000000e+00
   2.9100000e+02   2.2700000e+02   1.8900000e+02   2.2000000e+01   3.1300000e+02   1.9500000e+02   2.5100000e+02   2.3000000e+01   2.0000000e+00
   2.9100000e+02   2.2900000e+02   1.8600000e+02   2.2000000e+01   3.1400000e+02   1.9800000e+02   2.4900000e+02   2.2000000e+01   2.0000000e+00
   2.9000000e+02   2.2400000e+02   1.9300000e+02   2.2000000e+01   3.1300000e+02   1.9800000e+02   2.4700000e+02   2.2000000e+01   2.0000000e+00
   2.9300000e+02   2.2900000e+02   1.8500000e+02   2.0000000e+01   3.1300000e+02   1.9800000e+02   2.4900000e+02   2.2000000e+01   2.0000000e+00
   2.9200000e+02   2.2900000e+02   1.8600000e+02   2.0000000e+01   3.1300000e+02   1.9700000e+02   2.5100000e+02   2.3000000e+01   2.0000000e+00
   2.9100000e+02   2.2700000e+02   1.9000000e+02   2.2000000e+01   3.1300000e+02   1.9400000e+02   2.5300000e+02   2.3000000e+01   2.0000000e+00
   3.1300000e+02   2.5700000e+02   1.2500000e+02   2.3000000e+01   0.0000000e+00   0.0000000e+00   0.0000000e+00   0.0000000e+00   1.0000000e+00
   3.1400000e+02   2.5600000e+02   1.2800000e+02   2.2000000e+01   0.0000000e+00   0.0000000e+00   0.0000000e+00   0.0000000e+00   1.0000000e+00
   3.1300000e+02   2.5800000e+02   1.2400000e+02   2.3000000e+01   0.0000000e+00   0.0000000e+00   0.0000000e+00   0.0000000e+00   1.0000000e+00
   3.1400000e+02   2.5700000e+02   1.3000000e+02   2.3000000e+01   0.0000000e+00   0.0000000e+00   0.0000000e+00   0.0000000e+00   1.0000000e+00
   3.1300000e+02   2.5900000e+02   1.2300000e+02   2.3000000e+01   0.0000000e+00   0.0000000e+00   0.0000000e+00   0.0000000e+00   1.0000000e+00
   3.1300000e+02   2.5900000e+02   1.2300000e+02   2.3000000e+01   0.0000000e+00   0.0000000e+00   0.0000000e+00   0.0000000e+00   1.0000000e+00
   3.1300000e+02   2.5900000e+02   1.2600000e+02   2.2000000e+01   0.0000000e+00   0.0000000e+00   0.0000000e+00   0.0000000e+00   1.0000000e+00
   0.0000000e+00   0.0000000e+00   0.0000000e+00   0.0000000e+00   0.0000000e+00   0.0000000e+00   0.0000000e+00   0.0000000e+00   0.0000000e+00
   0.0000000e+00   0.0000000e+00   0.0000000e+00   0.0000000e+00   0.0000000e+00   0.0000000e+00   0.0000000e+00   0.0000000e+00   0.0000000e+00
   3.1400000e+02   2.5300000e+02   1.3700000e+02   2.2000000e+01   0.0000000e+00   0.0000000e+00   0.0000000e+00   0.0000000e+00   1.0000000e+00
   3.1300000e+02   2.5000000e+02   1.4400000e+02   2.4000000e+01   0.0000000e+00   0.0000000e+00   0.0000000e+00   0.0000000e+00   1.0000000e+00
   3.1400000e+02   2.5200000e+02   1.4000000e+02   2.2000000e+01   0.0000000e+00   0.0000000e+00   0.0000000e+00   0.0000000e+00   1.0000000e+00
   3.1400000e+02   2.6600000e+02   1.1300000e+02   2.2000000e+01   0.0000000e+00   0.0000000e+00   0.0000000e+00   0.0000000e+00   1.0000000e+00
   3.1200000e+02   2.6200000e+02   1.2000000e+02   2.5000000e+01   0.0000000e+00   0.0000000e+00   0.0000000e+00   0.0000000e+00   1.0000000e+00
   3.1100000e+02   2.6500000e+02   1.1200000e+02   2.6000000e+01   0.0000000e+00   0.0000000e+00   0.0000000e+00   0.0000000e+00   1.0000000e+00
   3.1300000e+02   2.2700000e+02   1.9000000e+02   2.3000000e+01   0.0000000e+00   0.0000000e+00   0.0000000e+00   0.0000000e+00   1.0000000e+00
   3.1300000e+02   2.2600000e+02   1.9000000e+02   2.4000000e+01   0.0000000e+00   0.0000000e+00   0.0000000e+00   0.0000000e+00   1.0000000e+00
   3.1300000e+02   2.2200000e+02   1.9900000e+02   2.3000000e+01   0.0000000e+00   0.0000000e+00   0.0000000e+00   0.0000000e+00   1.0000000e+00
   3.1300000e+02   2.2300000e+02   1.9600000e+02   2.3000000e+01   0.0000000e+00   0.0000000e+00   0.0000000e+00   0.0000000e+00   1.0000000e+00
   3.1300000e+02   2.2600000e+02   1.9000000e+02   2.2000000e+01   0.0000000e+00   0.0000000e+00   0.0000000e+00   0.0000000e+00   1.0000000e+00
   2.9000000e+02   1.7400000e+02   2.9700000e+02   2.3000000e+01   3.1400000e+02   2.5700000e+02   1.3000000e+02   2.2000000e+01   2.0000000e+00
   2.9100000e+02   1.7400000e+02   2.9500000e+02   2.1000000e+01   3.1500000e+02   2.5900000e+02   1.2900000e+02   1.9000000e+01   2.0000000e+00
   2.9000000e+02   1.7500000e+02   2.9300000e+02   2.3000000e+01   3.1400000e+02   2.5600000e+02   1.3100000e+02   2.3000000e+01   2.0000000e+00
   2.9000000e+02   1.7200000e+02   2.9600000e+02   2.4000000e+01   3.1500000e+02   2.5200000e+02   1.3800000e+02   2.0000000e+01   2.0000000e+00
   2.8900000e+02   1.7300000e+02   2.9500000e+02   2.5000000e+01   3.1400000e+02   2.5300000e+02   1.3400000e+02   2.1000000e+01   2.0000000e+00
   2.9100000e+02   1.7200000e+02   2.9700000e+02   2.2000000e+01   3.1300000e+02   2.5500000e+02   1.3700000e+02   2.3000000e+01   2.0000000e+00
   2.9000000e+02   1.7400000e+02   2.9500000e+02   2.3000000e+01   3.1400000e+02   2.5600000e+02   1.3400000e+02   2.2000000e+01   2.0000000e+00
   2.9100000e+02   1.7400000e+02   2.9100000e+02   2.2000000e+01   3.1400000e+02   2.5600000e+02   1.3500000e+02   2.1000000e+01   2.0000000e+00
   2.9100000e+02   1.7300000e+02   2.9500000e+02   2.3000000e+01   3.1400000e+02   2.5600000e+02   1.3400000e+02   2.0000000e+01   2.0000000e+00
   2.9000000e+02   1.7500000e+02   2.9200000e+02   2.5000000e+01   3.1400000e+02   2.5400000e+02   1.3300000e+02   2.2000000e+01   2.0000000e+00
   2.9100000e+02   1.7400000e+02   2.9500000e+02   2.2000000e+01   3.1500000e+02   2.5300000e+02   1.3700000e+02   2.1000000e+01   2.0000000e+00
   2.9200000e+02   1.7300000e+02   2.9700000e+02   2.1000000e+01   3.1500000e+02   2.5600000e+02   1.2900000e+02   2.0000000e+01   2.0000000e+00
   2.9100000e+02   1.7300000e+02   2.9500000e+02   2.2000000e+01   3.1400000e+02   2.5600000e+02   1.3100000e+02   2.1000000e+01   2.0000000e+00
   0.0000000e+00   0.0000000e+00   0.0000000e+00   0.0000000e+00   1.8900000e+02   2.3000000e+02   9.7000000e+01   5.0000000e+01   1.0000000e+00
   0.0000000e+00   0.0000000e+00   0.0000000e+00   0.0000000e+00   0.0000000e+00   0.0000000e+00   0.0000000e+00   0.0000000e+00   0.0000000e+00
   0.0000000e+00   0.0000000e+00   0.0000000e+00   0.0000000e+00   0.0000000e+00   0.0000000e+00   0.0000000e+00   0.0000000e+00   0.0000000e+00
   0.0000000e+00   0.0000000e+00   0.0000000e+00   0.0000000e+00   0.0000000e+00   0.0000000e+00   0.0000000e+00   0.0000000e+00   0.0000000e+00
   0.0000000e+00   0.0000000e+00   0.0000000e+00   0.0000000e+00   0.0000000e+00   0.0000000e+00   0.0000000e+00   0.0000000e+00   0.0000000e+00
   0.0000000e+00   0.0000000e+00   0.0000000e+00   0.0000000e+00   0.0000000e+00   0.0000000e+00   0.0000000e+00   0.0000000e+00   0.0000000e+00
   0.0000000e+00   0.0000000e+00   0.0000000e+00   0.0000000e+00   0.0000000e+00   0.0000000e+00   0.0000000e+00   0.0000000e+00   0.0000000e+00
   0.0000000e+00   0.0000000e+00   0.0000000e+00   0.0000000e+00   0.0000000e+00   0.0000000e+00   0.0000000e+00   0.0000000e+00   0.0000000e+00
   2.9200000e+02   1.2600000e+02   3.9300000e+02   2.0000000e+01   3.1500000e+02   2.4300000e+02   1.5600000e+02   2.0000000e+01   2.0000000e+00
   2.9000000e+02   1.2600000e+02   3.9400000e+02   2.3000000e+01   3.1400000e+02   2.4500000e+02   1.5100000e+02   2.0000000e+01   2.0000000e+00
   2.9100000e+02   1.2300000e+02   3.9700000e+02   2.2000000e+01   3.1400000e+02   2.4600000e+02   1.5200000e+02   2.2000000e+01   2.0000000e+00
   2.9100000e+02   1.2400000e+02   3.9100000e+02   2.3000000e+01   3.1500000e+02   2.4200000e+02   1.5700000e+02   2.1000000e+01   2.0000000e+00
   2.9100000e+02   1.2600000e+02   3.9000000e+02   2.3000000e+01   3.1400000e+02   2.4300000e+02   1.5900000e+02   2.2000000e+01   2.0000000e+00
   2.9200000e+02   1.2400000e+02   3.9200000e+02   2.1000000e+01   3.1400000e+02   2.4300000e+02   1.5500000e+02   2.1000000e+01   2.0000000e+00
   2.9200000e+02   1.2600000e+02   3.9000000e+02   2.0000000e+01   3.1300000e+02   2.4500000e+02   1.5100000e+02   2.3000000e+01   2.0000000e+00
   2.9100000e+02   1.2600000e+02   3.9200000e+02   2.2000000e+01   3.1300000e+02   2.4400000e+02   1.5500000e+02   2.2000000e+01   2.0000000e+00
   2.8900000e+02   1.2300000e+02   3.9400000e+02   2.5000000e+01   3.1500000e+02   2.4200000e+02   1.5700000e+02   1.9000000e+01   2.0000000e+00
   2.8900000e+02   1.2500000e+02   3.9100000e+02   2.6000000e+01   3.1500000e+02   2.4400000e+02   1.5200000e+02   2.1000000e+01   2.0000000e+00
   2.9000000e+02   1.2700000e+02   3.9000000e+02   2.4000000e+01   3.1400000e+02   2.4200000e+02   1.5600000e+02   2.2000000e+01   2.0000000e+00
   2.9200000e+02   1.2500000e+02   3.9700000e+02   2.1000000e+01   3.1400000e+02   2.4300000e+02   1.5900000e+02   2.1000000e+01   2.0000000e+00
   2.9100000e+02   1.2400000e+02   3.9300000e+02   2.1000000e+01   3.1500000e+02   2.4400000e+02   1.5500000e+02   1.9000000e+01   2.0000000e+00
   2.9200000e+02   1.2200000e+02   3.9600000e+02   2.0000000e+01   3.1400000e+02   2.4300000e+02   1.5500000e+02   2.1000000e+01   2.0000000e+00
   2.9100000e+02   1.2600000e+02   3.9000000e+02   2.2000000e+01   3.1400000e+02   2.4400000e+02   1.5300000e+02   2.0000000e+01   2.0000000e+00
   2.9000000e+02   1.2400000e+02   4.0000000e+02   2.3000000e+01   3.1500000e+02   2.4200000e+02   1.6300000e+02   2.0000000e+01   2.0000000e+00
   3.1100000e+02   2.4700000e+02   1.5000000e+02   2.8000000e+01   0.0000000e+00   0.0000000e+00   0.0000000e+00   0.0000000e+00   1.0000000e+00
   3.1300000e+02   2.4900000e+02   1.4600000e+02   2.2000000e+01   0.0000000e+00   0.0000000e+00   0.0000000e+00   0.0000000e+00   1.0000000e+00
   3.1400000e+02   2.4500000e+02   1.5300000e+02   2.2000000e+01   0.0000000e+00   0.0000000e+00   0.0000000e+00   0.0000000e+00   1.0000000e+00
   3.1300000e+02   2.4500000e+02   1.5200000e+02   2.2000000e+01   0.0000000e+00   0.0000000e+00   0.0000000e+00   0.0000000e+00   1.0000000e+00
   0.0000000e+00   0.0000000e+00   0.0000000e+00   0.0000000e+00   0.0000000e+00   0.0000000e+00   0.0000000e+00   0.0000000e+00   0.0000000e+00
   0.0000000e+00   0.0000000e+00   0.0000000e+00   0.0000000e+00   0.0000000e+00   0.0000000e+00   0.0000000e+00   0.0000000e+00   0.0000000e+00
   0.0000000e+00   0.0000000e+00   0.0000000e+00   0.0000000e+00   0.0000000e+00   0.0000000e+00   0.0000000e+00   0.0000000e+00   0.0000000e+00
   0.0000000e+00   0.0000000e+00   0.0000000e+00   0.0000000e+00   0.0000000e+00   0.0000000e+00   0.0000000e+00   0.0000000e+00   0.0000000e+00
