  0.0000000e+000  0.0000000e+000  0.0000000e+000  0.0000000e+000  0.0000000e+000  0.0000000e+000  0.0000000e+000  0.0000000e+000  0.0000000e+000
  0.0000000e+000  0.0000000e+000  0.0000000e+000  0.0000000e+000  0.0000000e+000  0.0000000e+000  0.0000000e+000  0.0000000e+000  0.0000000e+000
  0.0000000e+000  0.0000000e+000  0.0000000e+000  0.0000000e+000  0.0000000e+000  0.0000000e+000  0.0000000e+000  0.0000000e+000  0.0000000e+000
  0.0000000e+000  0.0000000e+000  0.0000000e+000  0.0000000e+000  0.0000000e+000  0.0000000e+000  0.0000000e+000  0.0000000e+000  0.0000000e+000
  0.0000000e+000  0.0000000e+000  0.0000000e+000  0.0000000e+000  0.0000000e+000  0.0000000e+000  0.0000000e+000  0.0000000e+000  0.0000000e+000
  0.0000000e+000  0.0000000e+000  0.0000000e+000  0.0000000e+000  0.0000000e+000  0.0000000e+000  0.0000000e+000  0.0000000e+000  0.0000000e+000
  0.0000000e+000  0.0000000e+000  0.0000000e+000  0.0000000e+000  0.0000000e+000  0.0000000e+000  0.0000000e+000  0.0000000e+000  0.0000000e+000
  0.0000000e+000  0.0000000e+000  0.0000000e+000  0.0000000e+000  0.0000000e+000  0.0000000e+000  0.0000000e+000  0.0000000e+000  0.0000000e+000
  0.0000000e+000  0.0000000e+000  0.0000000e+000  0.0000000e+000  0.0000000e+000  0.0000000e+000  0.0000000e+000  0.0000000e+000  0.0000000e+000
  0.0000000e+000  0.0000000e+000  0.0000000e+000  0.0000000e+000  0.0000000e+000  0.0000000e+000  0.0000000e+000  0.0000000e+000  0.0000000e+000
  0.0000000e+000  0.0000000e+000  0.0000000e+000  0.0000000e+000  0.0000000e+000  0.0000000e+000  0.0000000e+000  0.0000000e+000  0.0000000e+000
  5.1600000e+002  1.7100000e+002  6.9400000e+002  2.9000000e+001  5.4900000e+002  1.2100000e+002  7.8400000e+002  2.1000000e+001  2.0000000e+000
  5.1700000e+002  1.7200000e+002  6.8800000e+002  2.9000000e+001  5.4700000e+002  1.2000000e+002  7.8800000e+002  2.2000000e+001  2.0000000e+000
  5.1300000e+002  1.7100000e+002  6.9300000e+002  3.2000000e+001  5.4800000e+002  1.2200000e+002  7.8900000e+002  2.5000000e+001  2.0000000e+000
  5.1300000e+002  1.6900000e+002  6.8900000e+002  3.1000000e+001  5.4700000e+002  1.1900000e+002  7.8400000e+002  2.5000000e+001  2.0000000e+000
  5.1300000e+002  1.7300000e+002  6.8600000e+002  3.2000000e+001  5.4700000e+002  1.2300000e+002  7.8500000e+002  2.5000000e+001  2.0000000e+000
  5.1300000e+002  1.6900000e+002  6.9300000e+002  3.3000000e+001  5.5200000e+002  1.2000000e+002  7.8100000e+002  1.9000000e+001  2.0000000e+000
  5.1300000e+002  1.6800000e+002  6.9700000e+002  3.2000000e+001  5.4500000e+002  1.1900000e+002  7.9000000e+002  2.7000000e+001  2.0000000e+000
  5.1300000e+002  1.6800000e+002  6.9400000e+002  3.5000000e+001  5.4500000e+002  1.2100000e+002  7.8500000e+002  3.0000000e+001  2.0000000e+000
  5.1000000e+002  1.6900000e+002  6.9500000e+002  3.4000000e+001  5.4700000e+002  1.1800000e+002  7.8900000e+002  2.7000000e+001  2.0000000e+000
  5.1200000e+002  1.6700000e+002  6.9700000e+002  3.4000000e+001  5.4800000e+002  1.2000000e+002  7.8700000e+002  2.3000000e+001  2.0000000e+000
  5.1400000e+002  1.7100000e+002  6.9300000e+002  3.1000000e+001  5.4500000e+002  1.1700000e+002  7.9200000e+002  2.9000000e+001  2.0000000e+000
  5.0800000e+002  1.6400000e+002  7.0000000e+002  3.8000000e+001  5.4700000e+002  1.1700000e+002  7.9400000e+002  2.6000000e+001  2.0000000e+000
  5.1300000e+002  1.7200000e+002  6.9300000e+002  3.1000000e+001  5.4600000e+002  1.1900000e+002  7.9100000e+002  2.7000000e+001  2.0000000e+000
  5.1400000e+002  1.6200000e+002  7.0200000e+002  3.2000000e+001  5.4800000e+002  1.2100000e+002  7.8900000e+002  2.3000000e+001  2.0000000e+000
  5.1300000e+002  1.6900000e+002  6.9300000e+002  3.4000000e+001  5.4700000e+002  1.2100000e+002  7.8700000e+002  2.6000000e+001  2.0000000e+000
  5.1000000e+002  3.1600000e+002  4.0200000e+002  3.7000000e+001  5.4600000e+002  2.4500000e+002  5.3700000e+002  2.4000000e+001  2.0000000e+000
  5.1200000e+002  3.1300000e+002  4.0700000e+002  3.6000000e+001  5.4500000e+002  2.4800000e+002  5.3200000e+002  2.4000000e+001  2.0000000e+000
  5.1000000e+002  3.1200000e+002  4.0900000e+002  3.6000000e+001  5.4500000e+002  2.4800000e+002  5.3600000e+002  2.6000000e+001  2.0000000e+000
  5.0900000e+002  3.1200000e+002  4.0800000e+002  3.7000000e+001  5.4300000e+002  2.4500000e+002  5.3700000e+002  2.7000000e+001  2.0000000e+000
  5.1200000e+002  3.0900000e+002  4.0800000e+002  3.8000000e+001  5.4700000e+002  2.4400000e+002  5.3800000e+002  2.3000000e+001  2.0000000e+000
  5.1100000e+002  3.1100000e+002  4.0500000e+002  3.5000000e+001  5.4700000e+002  2.4400000e+002  5.3700000e+002  2.6000000e+001  2.0000000e+000
  5.0900000e+002  3.1400000e+002  4.0200000e+002  3.4000000e+001  5.4500000e+002  2.4900000e+002  5.3000000e+002  2.7000000e+001  2.0000000e+000
  5.1300000e+002  3.1300000e+002  4.0400000e+002  3.1000000e+001  5.4500000e+002  2.4700000e+002  5.3400000e+002  2.6000000e+001  2.0000000e+000
  5.0900000e+002  3.1300000e+002  4.0700000e+002  3.9000000e+001  5.4500000e+002  2.4500000e+002  5.3100000e+002  2.4000000e+001  2.0000000e+000
  5.1000000e+002  3.1300000e+002  4.0500000e+002  3.5000000e+001  5.4500000e+002  2.4900000e+002  5.2900000e+002  2.8000000e+001  2.0000000e+000
  5.1000000e+002  1.7600000e+002  6.7700000e+002  3.3000000e+001  5.4900000e+002  1.9500000e+002  6.4200000e+002  2.1000000e+001  2.0000000e+000
  5.1200000e+002  1.7600000e+002  6.7700000e+002  3.2000000e+001  5.4700000e+002  1.9300000e+002  6.4200000e+002  2.3000000e+001  2.0000000e+000
  5.1100000e+002  1.7800000e+002  6.7600000e+002  3.5000000e+001  5.4700000e+002  1.9600000e+002  6.3700000e+002  2.6000000e+001  2.0000000e+000
  5.1200000e+002  1.7800000e+002  6.7600000e+002  3.3000000e+001  5.4700000e+002  1.9700000e+002  6.4200000e+002  2.5000000e+001  2.0000000e+000
  5.1100000e+002  1.7800000e+002  6.7500000e+002  3.2000000e+001  5.4700000e+002  1.9400000e+002  6.4400000e+002  2.2000000e+001  2.0000000e+000
  5.1100000e+002  1.7500000e+002  6.8400000e+002  3.4000000e+001  5.4500000e+002  1.9400000e+002  6.4000000e+002  2.6000000e+001  2.0000000e+000
  5.1200000e+002  1.7500000e+002  6.7800000e+002  3.2000000e+001  5.4700000e+002  1.9400000e+002  6.3900000e+002  2.2000000e+001  2.0000000e+000
  5.1100000e+002  1.7600000e+002  6.7600000e+002  3.4000000e+001  5.4600000e+002  1.9500000e+002  6.3500000e+002  2.4000000e+001  2.0000000e+000
  5.1000000e+002  1.7800000e+002  6.7700000e+002  3.4000000e+001  5.4700000e+002  1.9400000e+002  6.3600000e+002  2.1000000e+001  2.0000000e+000
  5.1600000e+002  1.7400000e+002  6.7900000e+002  2.5000000e+001  5.4700000e+002  1.9500000e+002  6.3800000e+002  2.4000000e+001  2.0000000e+000
  5.1100000e+002  1.7500000e+002  6.7500000e+002  3.5000000e+001  5.4700000e+002  1.9300000e+002  6.4000000e+002  2.4000000e+001  2.0000000e+000
  5.1200000e+002  3.0500000e+002  4.1900000e+002  3.3000000e+001  5.4500000e+002  3.1100000e+002  4.0600000e+002  2.7000000e+001  2.0000000e+000
  5.1100000e+002  3.0600000e+002  4.1900000e+002  3.6000000e+001  5.4500000e+002  3.1000000e+002  4.0800000e+002  2.9000000e+001  2.0000000e+000
  5.1200000e+002  3.0500000e+002  4.2300000e+002  3.4000000e+001  5.4700000e+002  3.1100000e+002  4.0500000e+002  2.5000000e+001  2.0000000e+000
  5.1100000e+002  3.0300000e+002  4.2100000e+002  3.3000000e+001  5.4600000e+002  3.1000000e+002  4.0700000e+002  2.4000000e+001  2.0000000e+000
  5.1200000e+002  3.0300000e+002  4.2400000e+002  3.3000000e+001  5.4800000e+002  3.1100000e+002  4.0800000e+002  2.2000000e+001  2.0000000e+000
  5.1100000e+002  3.0600000e+002  4.2200000e+002  3.3000000e+001  5.4500000e+002  3.1000000e+002  4.0700000e+002  2.8000000e+001  2.0000000e+000
  5.1000000e+002  3.0400000e+002  4.2000000e+002  3.5000000e+001  5.4500000e+002  3.1000000e+002  4.1000000e+002  2.4000000e+001  2.0000000e+000
  5.1200000e+002  3.0600000e+002  4.2200000e+002  3.2000000e+001  5.4300000e+002  3.1100000e+002  4.0900000e+002  2.8000000e+001  2.0000000e+000
  5.1000000e+002  3.0300000e+002  4.2300000e+002  3.7000000e+001  5.4800000e+002  3.0900000e+002  4.0400000e+002  2.3000000e+001  2.0000000e+000
  0.0000000e+000  0.0000000e+000  0.0000000e+000  0.0000000e+000  0.0000000e+000  0.0000000e+000  0.0000000e+000  0.0000000e+000  0.0000000e+000
  0.0000000e+000  0.0000000e+000  0.0000000e+000  0.0000000e+000  0.0000000e+000  0.0000000e+000  0.0000000e+000  0.0000000e+000  0.0000000e+000
  5.1000000e+002  2.1700000e+002  5.9400000e+002  3.3000000e+001  5.4600000e+002  2.0300000e+002  6.2200000e+002  2.4000000e+001  2.0000000e+000
  5.1100000e+002  2.1800000e+002  5.9400000e+002  3.5000000e+001  5.4800000e+002  2.0300000e+002  6.2000000e+002  2.2000000e+001  2.0000000e+000
  5.1200000e+002  2.1700000e+002  5.9300000e+002  3.3000000e+001  5.4700000e+002  2.0000000e+002  6.2200000e+002  2.4000000e+001  2.0000000e+000
  5.1300000e+002  2.1600000e+002  5.9400000e+002  3.3000000e+001  5.4700000e+002  2.0200000e+002  6.2400000e+002  2.5000000e+001  2.0000000e+000
  5.1400000e+002  2.1700000e+002  5.9700000e+002  3.2000000e+001  5.4700000e+002  2.0100000e+002  6.2800000e+002  2.5000000e+001  2.0000000e+000
  5.1100000e+002  2.1700000e+002  5.9500000e+002  3.4000000e+001  5.4500000e+002  2.0200000e+002  6.2400000e+002  2.7000000e+001  2.0000000e+000
  5.1300000e+002  2.1800000e+002  5.9300000e+002  3.3000000e+001  5.4600000e+002  2.0000000e+002  6.2500000e+002  2.6000000e+001  2.0000000e+000
  5.4800000e+002  2.0300000e+002  6.2300000e+002  2.4000000e+001  5.1100000e+002  2.1600000e+002  5.9400000e+002  3.4000000e+001  2.0000000e+000
  0.0000000e+000  0.0000000e+000  0.0000000e+000  0.0000000e+000  0.0000000e+000  0.0000000e+000  0.0000000e+000  0.0000000e+000  0.0000000e+000
  0.0000000e+000  0.0000000e+000  0.0000000e+000  0.0000000e+000  0.0000000e+000  0.0000000e+000  0.0000000e+000  0.0000000e+000  0.0000000e+000
  0.0000000e+000  0.0000000e+000  0.0000000e+000  0.0000000e+000  0.0000000e+000  0.0000000e+000  0.0000000e+000  0.0000000e+000  0.0000000e+000
  0.0000000e+000  0.0000000e+000  0.0000000e+000  0.0000000e+000  0.0000000e+000  0.0000000e+000  0.0000000e+000  0.0000000e+000  0.0000000e+000
  0.0000000e+000  0.0000000e+000  0.0000000e+000  0.0000000e+000  0.0000000e+000  0.0000000e+000  0.0000000e+000  0.0000000e+000  0.0000000e+000
  0.0000000e+000  0.0000000e+000  0.0000000e+000  0.0000000e+000  0.0000000e+000  0.0000000e+000  0.0000000e+000  0.0000000e+000  0.0000000e+000
  0.0000000e+000  0.0000000e+000  0.0000000e+000  0.0000000e+000  0.0000000e+000  0.0000000e+000  0.0000000e+000  0.0000000e+000  0.0000000e+000
  0.0000000e+000  0.0000000e+000  0.0000000e+000  0.0000000e+000  0.0000000e+000  0.0000000e+000  0.0000000e+000  0.0000000e+000  0.0000000e+000
  5.1100000e+002  4.3800000e+002  1.4900000e+002  3.6000000e+001  5.4800000e+002  4.2800000e+002  1.7400000e+002  2.1000000e+001  2.0000000e+000
  5.1200000e+002  4.4000000e+002  1.4800000e+002  3.5000000e+001  5.4600000e+002  4.2800000e+002  1.7300000e+002  2.5000000e+001  2.0000000e+000
  5.1300000e+002  4.3800000e+002  1.4700000e+002  3.4000000e+001  5.4500000e+002  4.2700000e+002  1.7400000e+002  2.9000000e+001  2.0000000e+000
  5.1100000e+002  4.4000000e+002  1.4900000e+002  3.6000000e+001  5.4500000e+002  4.2600000e+002  1.7600000e+002  2.5000000e+001  2.0000000e+000
