  4.2500000e+002  3.1700000e+002  2.5200000e+002  3.0000000e+001  4.5300000e+002  2.9600000e+002  2.8900000e+002  2.2000000e+001  2.0000000e+000
  0.0000000e+000  0.0000000e+000  0.0000000e+000  0.0000000e+000  0.0000000e+000  0.0000000e+000  0.0000000e+000  0.0000000e+000  0.0000000e+000
  0.0000000e+000  0.0000000e+000  0.0000000e+000  0.0000000e+000  0.0000000e+000  0.0000000e+000  0.0000000e+000  0.0000000e+000  0.0000000e+000
  4.2300000e+002  3.1700000e+002  2.5100000e+002  2.6000000e+001  4.5300000e+002  3.2700000e+002  2.2800000e+002  2.2000000e+001  2.0000000e+000
  4.2500000e+002  3.2000000e+002  2.4600000e+002  2.7000000e+001  4.5700000e+002  3.2600000e+002  2.2800000e+002  1.9000000e+001  2.0000000e+000
  4.2500000e+002  3.1600000e+002  2.5300000e+002  3.2000000e+001  4.5700000e+002  3.2300000e+002  2.3200000e+002  1.6000000e+001  2.0000000e+000
  4.2500000e+002  3.1700000e+002  2.5200000e+002  2.8000000e+001  4.5800000e+002  3.2700000e+002  2.3200000e+002  1.8000000e+001  2.0000000e+000
  4.2200000e+002  3.1800000e+002  2.5100000e+002  3.2000000e+001  4.5800000e+002  3.2900000e+002  2.2800000e+002  1.4000000e+001  2.0000000e+000
  4.2400000e+002  3.1800000e+002  2.4900000e+002  2.8000000e+001  4.5800000e+002  3.2900000e+002  2.2600000e+002  1.5000000e+001  2.0000000e+000
  0.0000000e+000  0.0000000e+000  0.0000000e+000  0.0000000e+000  0.0000000e+000  0.0000000e+000  0.0000000e+000  0.0000000e+000  0.0000000e+000
  0.0000000e+000  0.0000000e+000  0.0000000e+000  0.0000000e+000  0.0000000e+000  0.0000000e+000  0.0000000e+000  0.0000000e+000  0.0000000e+000
  0.0000000e+000  0.0000000e+000  0.0000000e+000  0.0000000e+000  0.0000000e+000  0.0000000e+000  0.0000000e+000  0.0000000e+000  0.0000000e+000
  0.0000000e+000  0.0000000e+000  0.0000000e+000  0.0000000e+000  0.0000000e+000  0.0000000e+000  0.0000000e+000  0.0000000e+000  0.0000000e+000
  0.0000000e+000  0.0000000e+000  0.0000000e+000  0.0000000e+000  0.0000000e+000  0.0000000e+000  0.0000000e+000  0.0000000e+000  0.0000000e+000
  0.0000000e+000  0.0000000e+000  0.0000000e+000  0.0000000e+000  0.0000000e+000  0.0000000e+000  0.0000000e+000  0.0000000e+000  0.0000000e+000
  0.0000000e+000  0.0000000e+000  0.0000000e+000  0.0000000e+000  0.0000000e+000  0.0000000e+000  0.0000000e+000  0.0000000e+000  0.0000000e+000
  0.0000000e+000  0.0000000e+000  0.0000000e+000  0.0000000e+000  0.0000000e+000  0.0000000e+000  0.0000000e+000  0.0000000e+000  0.0000000e+000
  0.0000000e+000  0.0000000e+000  0.0000000e+000  0.0000000e+000  0.0000000e+000  0.0000000e+000  0.0000000e+000  0.0000000e+000  0.0000000e+000
  0.0000000e+000  0.0000000e+000  0.0000000e+000  0.0000000e+000  0.0000000e+000  0.0000000e+000  0.0000000e+000  0.0000000e+000  0.0000000e+000
  0.0000000e+000  0.0000000e+000  0.0000000e+000  0.0000000e+000  0.0000000e+000  0.0000000e+000  0.0000000e+000  0.0000000e+000  0.0000000e+000
  0.0000000e+000  0.0000000e+000  0.0000000e+000  0.0000000e+000  0.0000000e+000  0.0000000e+000  0.0000000e+000  0.0000000e+000  0.0000000e+000
  0.0000000e+000  0.0000000e+000  0.0000000e+000  0.0000000e+000  0.0000000e+000  0.0000000e+000  0.0000000e+000  0.0000000e+000  0.0000000e+000
  0.0000000e+000  0.0000000e+000  0.0000000e+000  0.0000000e+000  0.0000000e+000  0.0000000e+000  0.0000000e+000  0.0000000e+000  0.0000000e+000
  0.0000000e+000  0.0000000e+000  0.0000000e+000  0.0000000e+000  0.0000000e+000  0.0000000e+000  0.0000000e+000  0.0000000e+000  0.0000000e+000
  0.0000000e+000  0.0000000e+000  0.0000000e+000  0.0000000e+000  0.0000000e+000  0.0000000e+000  0.0000000e+000  0.0000000e+000  0.0000000e+000
  0.0000000e+000  0.0000000e+000  0.0000000e+000  0.0000000e+000  0.0000000e+000  0.0000000e+000  0.0000000e+000  0.0000000e+000  0.0000000e+000
  0.0000000e+000  0.0000000e+000  0.0000000e+000  0.0000000e+000  0.0000000e+000  0.0000000e+000  0.0000000e+000  0.0000000e+000  0.0000000e+000
  0.0000000e+000  0.0000000e+000  0.0000000e+000  0.0000000e+000  0.0000000e+000  0.0000000e+000  0.0000000e+000  0.0000000e+000  0.0000000e+000
  0.0000000e+000  0.0000000e+000  0.0000000e+000  0.0000000e+000  0.0000000e+000  0.0000000e+000  0.0000000e+000  0.0000000e+000  0.0000000e+000
  0.0000000e+000  0.0000000e+000  0.0000000e+000  0.0000000e+000  0.0000000e+000  0.0000000e+000  0.0000000e+000  0.0000000e+000  0.0000000e+000
  0.0000000e+000  0.0000000e+000  0.0000000e+000  0.0000000e+000  0.0000000e+000  0.0000000e+000  0.0000000e+000  0.0000000e+000  0.0000000e+000
  0.0000000e+000  0.0000000e+000  0.0000000e+000  0.0000000e+000  0.0000000e+000  0.0000000e+000  0.0000000e+000  0.0000000e+000  0.0000000e+000
  0.0000000e+000  0.0000000e+000  0.0000000e+000  0.0000000e+000  0.0000000e+000  0.0000000e+000  0.0000000e+000  0.0000000e+000  0.0000000e+000
  0.0000000e+000  0.0000000e+000  0.0000000e+000  0.0000000e+000  0.0000000e+000  0.0000000e+000  0.0000000e+000  0.0000000e+000  0.0000000e+000
  0.0000000e+000  0.0000000e+000  0.0000000e+000  0.0000000e+000  0.0000000e+000  0.0000000e+000  0.0000000e+000  0.0000000e+000  0.0000000e+000
  1.9300000e+002  2.8200000e+002  5.0000000e+000  5.0000000e+000  4.5600000e+002  4.1700000e+002  5.1000000e+001  2.0000000e+001  2.0000000e+000
  4.2600000e+002  4.1200000e+002  4.6000000e+001  2.5000000e+001  4.5600000e+002  4.2000000e+002  4.2000000e+001  2.0000000e+001  2.0000000e+000
  4.2500000e+002  4.1200000e+002  3.9000000e+001  2.8000000e+001  4.5500000e+002  4.1800000e+002  4.4000000e+001  2.1000000e+001  2.0000000e+000
  4.2100000e+002  4.1400000e+002  4.2000000e+001  3.2000000e+001  4.5600000e+002  4.1900000e+002  4.6000000e+001  1.7000000e+001  2.0000000e+000
  4.2400000e+002  4.1100000e+002  4.6000000e+001  2.8000000e+001  4.5400000e+002  4.1900000e+002  4.6000000e+001  2.1000000e+001  2.0000000e+000
  2.8000000e+002  3.5700000e+002  1.6100000e+002  7.0000000e+001  2.8900000e+002  3.8500000e+002  8.0000000e+001  5.6000000e+001  2.0000000e+000
  2.8300000e+002  3.6600000e+002  9.0000000e+001  6.6000000e+001  2.9000000e+002  4.0000000e+002  9.2000000e+001  7.3000000e+001  2.0000000e+000
  2.9700000e+002  4.0400000e+002  8.9000000e+001  7.3000000e+001  2.8800000e+002  4.0700000e+002  1.4000000e+002  1.0500000e+002  2.0000000e+000
  2.6600000e+002  3.8300000e+002  9.1000000e+001  8.3000000e+001  2.9800000e+002  3.6700000e+002  8.5000000e+001  5.3000000e+001  2.0000000e+000
  4.2500000e+002  3.4400000e+002  1.8000000e+002  2.8000000e+001  4.5400000e+002  3.4300000e+002  1.9600000e+002  1.9000000e+001  2.0000000e+000
  4.2300000e+002  3.4500000e+002  1.8100000e+002  3.0000000e+001  4.5400000e+002  3.4600000e+002  1.9300000e+002  2.1000000e+001  2.0000000e+000
  4.2300000e+002  3.4500000e+002  1.8200000e+002  3.2000000e+001  4.5400000e+002  3.4400000e+002  1.9600000e+002  2.0000000e+001  2.0000000e+000
  4.2300000e+002  3.4600000e+002  1.8100000e+002  2.9000000e+001  4.5600000e+002  3.4300000e+002  1.9700000e+002  1.8000000e+001  2.0000000e+000
  4.2200000e+002  3.4300000e+002  1.8400000e+002  2.8000000e+001  4.5300000e+002  3.4400000e+002  1.9600000e+002  1.8000000e+001  2.0000000e+000
  4.2300000e+002  3.4400000e+002  1.8800000e+002  3.1000000e+001  4.5400000e+002  3.4500000e+002  1.9500000e+002  2.0000000e+001  2.0000000e+000
  3.0300000e+002  3.2900000e+002  1.1800000e+002  5.5000000e+001  3.0900000e+002  3.4200000e+002  9.4000000e+001  7.1000000e+001  2.0000000e+000
  3.2100000e+002  3.7900000e+002  5.6000000e+001  2.9000000e+001  3.1900000e+002  3.8700000e+002  8.1000000e+001  5.4000000e+001  2.0000000e+000
  4.2500000e+002  3.5700000e+002  1.5300000e+002  2.8000000e+001  4.5500000e+002  3.2900000e+002  2.2600000e+002  2.0000000e+001  2.0000000e+000
