  0.0000000e+000  0.0000000e+000  0.0000000e+000  0.0000000e+000  0.0000000e+000  0.0000000e+000  0.0000000e+000  0.0000000e+000  0.0000000e+000
  0.0000000e+000  0.0000000e+000  0.0000000e+000  0.0000000e+000  0.0000000e+000  0.0000000e+000  0.0000000e+000  0.0000000e+000  0.0000000e+000
  0.0000000e+000  0.0000000e+000  0.0000000e+000  0.0000000e+000  0.0000000e+000  0.0000000e+000  0.0000000e+000  0.0000000e+000  0.0000000e+000
  3.8500000e+002  1.9200000e+002  4.2100000e+002  2.6000000e+001  4.0800000e+002  1.4600000e+002  5.1200000e+002  2.3000000e+001  2.0000000e+000
  3.8100000e+002  1.9000000e+002  4.2200000e+002  3.0000000e+001  4.0700000e+002  1.4500000e+002  5.1500000e+002  2.4000000e+001  2.0000000e+000
  3.8500000e+002  1.9100000e+002  4.2300000e+002  2.9000000e+001  4.0800000e+002  1.4500000e+002  5.1300000e+002  2.0000000e+001  2.0000000e+000
  3.8400000e+002  1.9300000e+002  4.1900000e+002  2.7000000e+001  4.0800000e+002  1.4200000e+002  5.1700000e+002  2.2000000e+001  2.0000000e+000
  3.8300000e+002  1.9400000e+002  4.1600000e+002  2.8000000e+001  4.1100000e+002  1.4300000e+002  5.1100000e+002  2.1000000e+001  2.0000000e+000
  3.8300000e+002  1.9200000e+002  4.1900000e+002  2.9000000e+001  4.0900000e+002  1.4300000e+002  5.1800000e+002  2.0000000e+001  2.0000000e+000
  3.8400000e+002  1.9300000e+002  4.2200000e+002  2.7000000e+001  4.1000000e+002  1.4400000e+002  5.1500000e+002  2.0000000e+001  2.0000000e+000
  3.8300000e+002  1.9200000e+002  4.2300000e+002  2.9000000e+001  4.0900000e+002  1.4400000e+002  5.1400000e+002  1.8000000e+001  2.0000000e+000
  3.8400000e+002  1.8900000e+002  4.2300000e+002  2.7000000e+001  4.1000000e+002  1.4400000e+002  5.1200000e+002  2.1000000e+001  2.0000000e+000
  3.8200000e+002  1.9300000e+002  4.1600000e+002  2.7000000e+001  4.1100000e+002  1.4200000e+002  5.1500000e+002  1.8000000e+001  2.0000000e+000
  3.8200000e+002  1.9300000e+002  4.2000000e+002  3.0000000e+001  4.1000000e+002  1.4300000e+002  5.1500000e+002  2.0000000e+001  2.0000000e+000
  3.8300000e+002  1.9500000e+002  4.1500000e+002  2.8000000e+001  4.0900000e+002  1.4200000e+002  5.1400000e+002  2.2000000e+001  2.0000000e+000
  3.8400000e+002  1.9400000e+002  4.1500000e+002  2.9000000e+001  4.1000000e+002  1.4500000e+002  5.1200000e+002  1.9000000e+001  2.0000000e+000
  3.8200000e+002  1.9100000e+002  4.1800000e+002  3.0000000e+001  4.1000000e+002  1.4300000e+002  5.1700000e+002  1.8000000e+001  2.0000000e+000
  0.0000000e+000  0.0000000e+000  0.0000000e+000  0.0000000e+000  0.0000000e+000  0.0000000e+000  0.0000000e+000  0.0000000e+000  0.0000000e+000
  0.0000000e+000  0.0000000e+000  0.0000000e+000  0.0000000e+000  0.0000000e+000  0.0000000e+000  0.0000000e+000  0.0000000e+000  0.0000000e+000
  3.8500000e+002  3.1600000e+002  1.7500000e+002  2.6000000e+001  4.1000000e+002  3.0700000e+002  1.9200000e+002  2.0000000e+001  2.0000000e+000
  3.8400000e+002  3.1100000e+002  1.8000000e+002  2.8000000e+001  4.1200000e+002  3.0400000e+002  1.9800000e+002  1.9000000e+001  2.0000000e+000
  3.8200000e+002  3.1500000e+002  1.7500000e+002  2.8000000e+001  4.0900000e+002  3.0500000e+002  1.9100000e+002  2.2000000e+001  2.0000000e+000
  3.8100000e+002  3.1800000e+002  1.7200000e+002  3.1000000e+001  4.1000000e+002  3.0400000e+002  1.9400000e+002  1.9000000e+001  2.0000000e+000
  3.7800000e+002  3.1400000e+002  1.8000000e+002  3.4000000e+001  4.0800000e+002  3.0500000e+002  1.9000000e+002  2.3000000e+001  2.0000000e+000
  3.8300000e+002  3.1500000e+002  1.7700000e+002  3.0000000e+001  4.1100000e+002  3.0400000e+002  1.9000000e+002  1.9000000e+001  2.0000000e+000
  3.8300000e+002  3.1600000e+002  1.7300000e+002  2.8000000e+001  4.1100000e+002  3.0600000e+002  1.8900000e+002  1.7000000e+001  2.0000000e+000
