   0.0000000e+00   0.0000000e+00   0.0000000e+00   0.0000000e+00   0.0000000e+00   0.0000000e+00   0.0000000e+00   0.0000000e+00   0.0000000e+00
   5.1400000e+02   2.3700000e+02   5.5100000e+02   3.1000000e+01   5.5000000e+02   2.5500000e+02   5.1700000e+02   2.3000000e+01   2.0000000e+00
   5.1000000e+02   2.3800000e+02   5.5100000e+02   3.5000000e+01   5.4800000e+02   2.5300000e+02   5.1700000e+02   2.8000000e+01   2.0000000e+00
   5.1100000e+02   2.3700000e+02   5.5100000e+02   3.5000000e+01   5.5000000e+02   2.5400000e+02   5.1800000e+02   2.6000000e+01   2.0000000e+00
   5.1100000e+02   2.3900000e+02   5.5600000e+02   3.5000000e+01   5.4900000e+02   2.5100000e+02   5.2300000e+02   2.4000000e+01   2.0000000e+00
   5.1200000e+02   2.4000000e+02   5.4600000e+02   3.5000000e+01   5.4800000e+02   2.5100000e+02   5.2000000e+02   2.4000000e+01   2.0000000e+00
   5.1100000e+02   2.3600000e+02   5.5400000e+02   3.4000000e+01   5.4700000e+02   2.5100000e+02   5.2000000e+02   2.9000000e+01   2.0000000e+00
   5.1100000e+02   2.3500000e+02   5.5700000e+02   3.6000000e+01   5.4800000e+02   2.5000000e+02   5.2100000e+02   2.7000000e+01   2.0000000e+00
   5.1100000e+02   2.3400000e+02   5.5500000e+02   3.6000000e+01   5.5000000e+02   2.5000000e+02   5.2600000e+02   2.4000000e+01   2.0000000e+00
   5.1100000e+02   2.3500000e+02   5.5300000e+02   3.7000000e+01   5.4800000e+02   2.5200000e+02   5.2200000e+02   2.6000000e+01   2.0000000e+00
   5.1100000e+02   2.3700000e+02   5.5400000e+02   3.4000000e+01   5.5000000e+02   2.4700000e+02   5.2900000e+02   2.5000000e+01   2.0000000e+00
   5.1100000e+02   2.3000000e+02   5.6300000e+02   3.6000000e+01   5.5100000e+02   2.5000000e+02   5.2300000e+02   2.2000000e+01   2.0000000e+00
   5.1000000e+02   3.2900000e+02   3.7000000e+02   3.9000000e+01   5.4700000e+02   3.1000000e+02   4.0300000e+02   2.7000000e+01   2.0000000e+00
   5.1300000e+02   3.2700000e+02   3.7400000e+02   3.4000000e+01   5.4600000e+02   3.1400000e+02   3.9800000e+02   2.8000000e+01   2.0000000e+00
   5.1400000e+02   3.2700000e+02   3.6900000e+02   3.3000000e+01   5.4800000e+02   3.1300000e+02   4.0000000e+02   2.7000000e+01   2.0000000e+00
   5.1300000e+02   3.3100000e+02   3.6600000e+02   3.5000000e+01   5.4800000e+02   3.1200000e+02   3.9800000e+02   2.4000000e+01   2.0000000e+00
   5.1300000e+02   3.3000000e+02   3.7000000e+02   3.6000000e+01   5.4800000e+02   3.1200000e+02   3.9900000e+02   2.5000000e+01   2.0000000e+00
   5.1200000e+02   3.2800000e+02   3.6600000e+02   3.8000000e+01   5.4700000e+02   3.1100000e+02   3.9900000e+02   2.7000000e+01   2.0000000e+00
   5.1100000e+02   3.2000000e+02   3.8200000e+02   3.7000000e+01   5.4800000e+02   3.0700000e+02   4.1200000e+02   2.3000000e+01   2.0000000e+00
   5.1000000e+02   3.2100000e+02   3.8000000e+02   3.8000000e+01   5.4600000e+02   3.0700000e+02   4.0800000e+02   2.6000000e+01   2.0000000e+00
   5.1100000e+02   3.2100000e+02   3.8000000e+02   3.7000000e+01   5.4800000e+02   3.0900000e+02   4.0600000e+02   2.5000000e+01   2.0000000e+00
   5.1200000e+02   3.2200000e+02   3.7700000e+02   3.6000000e+01   5.4800000e+02   3.1000000e+02   4.0400000e+02   2.5000000e+01   2.0000000e+00
   5.1000000e+02   3.1800000e+02   3.8500000e+02   3.6000000e+01   5.4900000e+02   3.1000000e+02   4.0700000e+02   2.4000000e+01   2.0000000e+00
   5.1500000e+02   3.2100000e+02   3.8300000e+02   3.2000000e+01   5.4800000e+02   3.0600000e+02   4.1100000e+02   2.4000000e+01   2.0000000e+00
   5.1300000e+02   3.1900000e+02   3.8700000e+02   3.4000000e+01   5.5000000e+02   3.0700000e+02   4.1000000e+02   2.1000000e+01   2.0000000e+00
   5.1500000e+02   3.1900000e+02   3.8700000e+02   2.9000000e+01   5.4900000e+02   3.0700000e+02   4.0900000e+02   2.3000000e+01   2.0000000e+00
   5.1300000e+02   3.1700000e+02   3.8500000e+02   3.4000000e+01   5.4900000e+02   3.0800000e+02   4.1000000e+02   2.2000000e+01   2.0000000e+00
   5.1200000e+02   3.1900000e+02   3.8300000e+02   3.2000000e+01   5.4900000e+02   3.0800000e+02   4.1000000e+02   2.2000000e+01   2.0000000e+00
   0.0000000e+00   0.0000000e+00   0.0000000e+00   0.0000000e+00   0.0000000e+00   0.0000000e+00   0.0000000e+00   0.0000000e+00   0.0000000e+00
   0.0000000e+00   0.0000000e+00   0.0000000e+00   0.0000000e+00   0.0000000e+00   0.0000000e+00   0.0000000e+00   0.0000000e+00   0.0000000e+00
   0.0000000e+00   0.0000000e+00   0.0000000e+00   0.0000000e+00   0.0000000e+00   0.0000000e+00   0.0000000e+00   0.0000000e+00   0.0000000e+00
   0.0000000e+00   0.0000000e+00   0.0000000e+00   0.0000000e+00   0.0000000e+00   0.0000000e+00   0.0000000e+00   0.0000000e+00   0.0000000e+00
   0.0000000e+00   0.0000000e+00   0.0000000e+00   0.0000000e+00   0.0000000e+00   0.0000000e+00   0.0000000e+00   0.0000000e+00   0.0000000e+00
   5.1300000e+02   3.4300000e+02   3.4400000e+02   3.1000000e+01   5.4900000e+02   2.2400000e+02   5.7500000e+02   2.2000000e+01   2.0000000e+00
   5.1000000e+02   3.4800000e+02   3.3300000e+02   3.4000000e+01   5.4700000e+02   2.2600000e+02   5.7400000e+02   2.4000000e+01   2.0000000e+00
   5.1300000e+02   3.4600000e+02   3.3400000e+02   3.4000000e+01   5.4600000e+02   2.2600000e+02   5.7100000e+02   2.5000000e+01   2.0000000e+00
   5.1000000e+02   3.4600000e+02   3.3600000e+02   3.6000000e+01   5.4900000e+02   2.2400000e+02   5.7200000e+02   2.2000000e+01   2.0000000e+00
   5.0900000e+02   3.4500000e+02   3.3400000e+02   3.8000000e+01   5.4700000e+02   2.2400000e+02   5.7500000e+02   2.5000000e+01   2.0000000e+00
   5.1200000e+02   3.4600000e+02   3.3500000e+02   3.3000000e+01   5.4900000e+02   2.2600000e+02   5.7400000e+02   2.4000000e+01   2.0000000e+00
   5.1200000e+02   3.4100000e+02   3.4100000e+02   3.2000000e+01   5.4700000e+02   2.2100000e+02   5.7700000e+02   2.5000000e+01   2.0000000e+00
   5.1400000e+02   3.4100000e+02   3.4600000e+02   3.1000000e+01   5.4800000e+02   2.2100000e+02   5.8300000e+02   2.3000000e+01   2.0000000e+00
   5.1500000e+02   3.6800000e+02   2.9300000e+02   2.9000000e+01   5.5100000e+02   3.9500000e+02   2.4200000e+02   2.3000000e+01   2.0000000e+00
   5.1100000e+02   3.6100000e+02   3.0100000e+02   3.4000000e+01   5.5200000e+02   3.9500000e+02   2.3200000e+02   2.2000000e+01   2.0000000e+00
   5.1300000e+02   3.6800000e+02   2.8500000e+02   3.0000000e+01   5.5000000e+02   3.9600000e+02   2.3200000e+02   2.3000000e+01   2.0000000e+00
   5.1500000e+02   3.6900000e+02   2.8200000e+02   2.9000000e+01   5.5000000e+02   3.9400000e+02   2.3800000e+02   2.3000000e+01   2.0000000e+00
   5.1400000e+02   3.7000000e+02   2.8400000e+02   2.9000000e+01   5.5000000e+02   3.9300000e+02   2.4200000e+02   2.4000000e+01   2.0000000e+00
   0.0000000e+00   0.0000000e+00   0.0000000e+00   0.0000000e+00   0.0000000e+00   0.0000000e+00   0.0000000e+00   0.0000000e+00   0.0000000e+00
   5.1100000e+02   2.7800000e+02   4.6400000e+02   3.4000000e+01   5.5000000e+02   2.7400000e+02   4.7600000e+02   2.3000000e+01   2.0000000e+00
   5.1200000e+02   2.7800000e+02   4.6800000e+02   3.3000000e+01   5.5000000e+02   2.7200000e+02   4.8000000e+02   2.2000000e+01   2.0000000e+00
   5.1500000e+02   2.7400000e+02   4.7600000e+02   3.0000000e+01   5.4900000e+02   2.7400000e+02   4.7800000e+02   2.2000000e+01   2.0000000e+00
   5.1300000e+02   2.7700000e+02   4.6900000e+02   3.1000000e+01   5.4900000e+02   2.7300000e+02   4.7700000e+02   2.3000000e+01   2.0000000e+00
   5.1100000e+02   2.7800000e+02   4.6600000e+02   3.4000000e+01   5.4800000e+02   2.7100000e+02   4.8100000e+02   2.4000000e+01   2.0000000e+00
   5.1000000e+02   2.7600000e+02   4.7000000e+02   3.7000000e+01   5.5000000e+02   2.7000000e+02   4.8400000e+02   2.2000000e+01   2.0000000e+00
   5.1300000e+02   2.7300000e+02   4.7500000e+02   3.2000000e+01   5.4900000e+02   2.7300000e+02   4.7800000e+02   2.4000000e+01   2.0000000e+00
   5.1000000e+02   2.7900000e+02   4.6400000e+02   3.6000000e+01   5.5000000e+02   2.7400000e+02   4.8100000e+02   2.1000000e+01   2.0000000e+00
   5.1000000e+02   2.7700000e+02   4.6700000e+02   3.5000000e+01   5.4700000e+02   2.7500000e+02   4.7700000e+02   2.6000000e+01   2.0000000e+00
   5.1200000e+02   2.7900000e+02   4.6600000e+02   3.4000000e+01   5.4900000e+02   2.7000000e+02   4.8000000e+02   2.2000000e+01   2.0000000e+00
   5.1000000e+02   2.7600000e+02   4.6900000e+02   3.7000000e+01   5.4600000e+02   2.7000000e+02   4.7900000e+02   2.5000000e+01   2.0000000e+00
   5.1100000e+02   4.3700000e+02   1.5000000e+02   3.4000000e+01   5.4700000e+02   3.6100000e+02   3.0400000e+02   2.6000000e+01   2.0000000e+00
   5.0700000e+02   4.3800000e+02   1.5200000e+02   4.1000000e+01   5.4600000e+02   3.6000000e+02   3.0300000e+02   2.9000000e+01   2.0000000e+00
   5.1300000e+02   4.3800000e+02   1.4700000e+02   3.4000000e+01   5.5000000e+02   3.6300000e+02   2.9800000e+02   2.6000000e+01   2.0000000e+00
   5.1300000e+02   4.3900000e+02   1.4800000e+02   3.3000000e+01   5.4700000e+02   3.6500000e+02   2.9600000e+02   2.8000000e+01   2.0000000e+00
   5.1100000e+02   4.3700000e+02   1.4700000e+02   3.4000000e+01   5.4900000e+02   3.6100000e+02   2.9900000e+02   2.4000000e+01   2.0000000e+00
   0.0000000e+00   0.0000000e+00   0.0000000e+00   0.0000000e+00   0.0000000e+00   0.0000000e+00   0.0000000e+00   0.0000000e+00   0.0000000e+00
   5.1200000e+02   3.0600000e+02   3.9700000e+02   3.5000000e+01   5.4700000e+02   1.9400000e+02   6.4300000e+02   2.6000000e+01   2.0000000e+00
   5.1200000e+02   3.0500000e+02   3.9800000e+02   3.4000000e+01   5.4700000e+02   1.9700000e+02   6.3300000e+02   2.6000000e+01   2.0000000e+00
   5.1200000e+02   3.0500000e+02   4.0100000e+02   3.3000000e+01   5.4900000e+02   1.9400000e+02   6.4100000e+02   2.3000000e+01   2.0000000e+00
   5.1100000e+02   3.0300000e+02   4.0500000e+02   3.4000000e+01   5.4900000e+02   1.9300000e+02   6.4500000e+02   2.4000000e+01   2.0000000e+00
   5.0900000e+02   3.0200000e+02   4.0100000e+02   3.7000000e+01   5.4700000e+02   1.9400000e+02   6.3800000e+02   2.7000000e+01   2.0000000e+00
   5.1100000e+02   3.0400000e+02   4.0100000e+02   3.4000000e+01   5.4800000e+02   1.9100000e+02   6.4300000e+02   2.6000000e+01   2.0000000e+00
   5.1200000e+02   2.9800000e+02   4.1100000e+02   3.4000000e+01   5.4600000e+02   1.9000000e+02   6.3900000e+02   2.7000000e+01   2.0000000e+00
   5.1100000e+02   3.0000000e+02   4.0200000e+02   3.4000000e+01   5.4700000e+02   1.9200000e+02   6.3800000e+02   2.5000000e+01   2.0000000e+00
   5.1200000e+02   2.9600000e+02   4.1000000e+02   3.1000000e+01   5.4700000e+02   1.9100000e+02   6.4400000e+02   2.9000000e+01   2.0000000e+00
   0.0000000e+00   0.0000000e+00   0.0000000e+00   0.0000000e+00   0.0000000e+00   0.0000000e+00   0.0000000e+00   0.0000000e+00   0.0000000e+00
   0.0000000e+00   0.0000000e+00   0.0000000e+00   0.0000000e+00   0.0000000e+00   0.0000000e+00   0.0000000e+00   0.0000000e+00   0.0000000e+00
   0.0000000e+00   0.0000000e+00   0.0000000e+00   0.0000000e+00   0.0000000e+00   0.0000000e+00   0.0000000e+00   0.0000000e+00   0.0000000e+00
   0.0000000e+00   0.0000000e+00   0.0000000e+00   0.0000000e+00   0.0000000e+00   0.0000000e+00   0.0000000e+00   0.0000000e+00   0.0000000e+00
   0.0000000e+00   0.0000000e+00   0.0000000e+00   0.0000000e+00   0.0000000e+00   0.0000000e+00   0.0000000e+00   0.0000000e+00   0.0000000e+00
   0.0000000e+00   0.0000000e+00   0.0000000e+00   0.0000000e+00   0.0000000e+00   0.0000000e+00   0.0000000e+00   0.0000000e+00   0.0000000e+00
   0.0000000e+00   0.0000000e+00   0.0000000e+00   0.0000000e+00   0.0000000e+00   0.0000000e+00   0.0000000e+00   0.0000000e+00   0.0000000e+00
   0.0000000e+00   0.0000000e+00   0.0000000e+00   0.0000000e+00   0.0000000e+00   0.0000000e+00   0.0000000e+00   0.0000000e+00   0.0000000e+00
   0.0000000e+00   0.0000000e+00   0.0000000e+00   0.0000000e+00   0.0000000e+00   0.0000000e+00   0.0000000e+00   0.0000000e+00   0.0000000e+00
   0.0000000e+00   0.0000000e+00   0.0000000e+00   0.0000000e+00   0.0000000e+00   0.0000000e+00   0.0000000e+00   0.0000000e+00   0.0000000e+00
   0.0000000e+00   0.0000000e+00   0.0000000e+00   0.0000000e+00   0.0000000e+00   0.0000000e+00   0.0000000e+00   0.0000000e+00   0.0000000e+00
   5.0900000e+02   3.3100000e+02   3.6500000e+02   3.7000000e+01   5.4600000e+02   3.5300000e+02   3.1700000e+02   2.7000000e+01   2.0000000e+00
   5.1200000e+02   3.2500000e+02   3.7400000e+02   3.5000000e+01   5.4700000e+02   3.5400000e+02   3.1100000e+02   2.7000000e+01   2.0000000e+00
   5.1300000e+02   3.2600000e+02   3.6700000e+02   3.2000000e+01   5.4800000e+02   3.5400000e+02   3.1400000e+02   2.2000000e+01   2.0000000e+00
   5.0900000e+02   3.2600000e+02   3.6700000e+02   3.6000000e+01   5.4900000e+02   3.5300000e+02   3.1500000e+02   2.3000000e+01   2.0000000e+00
   5.1100000e+02   3.2400000e+02   3.7100000e+02   3.3000000e+01   5.4900000e+02   3.5500000e+02   3.1900000e+02   2.2000000e+01   2.0000000e+00
   0.0000000e+00   0.0000000e+00   0.0000000e+00   0.0000000e+00   0.0000000e+00   0.0000000e+00   0.0000000e+00   0.0000000e+00   0.0000000e+00
   5.1000000e+02   3.2400000e+02   3.7800000e+02   3.4000000e+01   5.4900000e+02   3.0700000e+02   4.0600000e+02   2.4000000e+01   2.0000000e+00
   5.1200000e+02   3.1900000e+02   3.8700000e+02   3.2000000e+01   5.4900000e+02   3.0600000e+02   4.1100000e+02   2.3000000e+01   2.0000000e+00
   5.1000000e+02   3.1600000e+02   3.8400000e+02   3.4000000e+01   5.4900000e+02   3.1200000e+02   4.0100000e+02   2.4000000e+01   2.0000000e+00
   5.1200000e+02   3.1700000e+02   3.9000000e+02   3.3000000e+01   5.5000000e+02   3.0800000e+02   4.0800000e+02   2.3000000e+01   2.0000000e+00
   5.1100000e+02   3.2100000e+02   3.7800000e+02   3.3000000e+01   5.4800000e+02   3.1100000e+02   4.0400000e+02   2.5000000e+01   2.0000000e+00
   5.1100000e+02   3.2000000e+02   3.8100000e+02   3.5000000e+01   5.4700000e+02   3.1100000e+02   4.0300000e+02   2.6000000e+01   2.0000000e+00
   5.1000000e+02   3.1900000e+02   3.8400000e+02   3.4000000e+01   5.4800000e+02   3.1000000e+02   4.0300000e+02   2.5000000e+01   2.0000000e+00
   0.0000000e+00   0.0000000e+00   0.0000000e+00   0.0000000e+00   0.0000000e+00   0.0000000e+00   0.0000000e+00   0.0000000e+00   0.0000000e+00
   0.0000000e+00   0.0000000e+00   0.0000000e+00   0.0000000e+00   0.0000000e+00   0.0000000e+00   0.0000000e+00   0.0000000e+00   0.0000000e+00
   0.0000000e+00   0.0000000e+00   0.0000000e+00   0.0000000e+00   0.0000000e+00   0.0000000e+00   0.0000000e+00   0.0000000e+00   0.0000000e+00
   0.0000000e+00   0.0000000e+00   0.0000000e+00   0.0000000e+00   0.0000000e+00   0.0000000e+00   0.0000000e+00   0.0000000e+00   0.0000000e+00
   0.0000000e+00   0.0000000e+00   0.0000000e+00   0.0000000e+00   0.0000000e+00   0.0000000e+00   0.0000000e+00   0.0000000e+00   0.0000000e+00
   5.4100000e+02   4.4500000e+02   1.3800000e+02   3.3000000e+01   0.0000000e+00   0.0000000e+00   0.0000000e+00   0.0000000e+00   1.0000000e+00
   5.4300000e+02   4.4500000e+02   1.3300000e+02   3.2000000e+01   0.0000000e+00   0.0000000e+00   0.0000000e+00   0.0000000e+00   1.0000000e+00
   5.4400000e+02   4.4500000e+02   1.4100000e+02   3.2000000e+01   0.0000000e+00   0.0000000e+00   0.0000000e+00   0.0000000e+00   1.0000000e+00
   5.4100000e+02   4.4100000e+02   1.4300000e+02   3.2000000e+01   0.0000000e+00   0.0000000e+00   0.0000000e+00   0.0000000e+00   1.0000000e+00
