   4.1000000e+01   1.0000000e+00   1.4600000e+02   1.3000000e+01   6.0000000e+01   2.0000000e+00   1.1200000e+02   1.5000000e+01   8.0000000e+01   1.0000000e+00   1.3500000e+02   1.7000000e+01   9.9000000e+01   1.0000000e+00   1.4800000e+02   1.7000000e+01   3.1000000e+02   4.4400000e+02   1.4600000e+02   1.6000000e+01   1.7800000e+02   2.5000000e+02   1.7900000e+02   1.3800000e+02   6.0000000e+00
   4.1000000e+01   1.0000000e+00   1.4800000e+02   1.4000000e+01   6.1000000e+01   1.0000000e+00   1.1300000e+02   1.5000000e+01   8.0000000e+01   1.0000000e+00   1.3300000e+02   1.3000000e+01   9.9000000e+01   1.0000000e+00   1.4600000e+02   1.6000000e+01   3.1000000e+02   2.4500000e+02   1.5000000e+02   2.5000000e+01   3.1100000e+02   4.4300000e+02   1.4800000e+02   1.3000000e+01   6.0000000e+00
   4.2000000e+01   1.0000000e+00   1.4900000e+02   1.3000000e+01   6.1000000e+01   1.0000000e+00   1.1400000e+02   1.3000000e+01   8.1000000e+01   1.0000000e+00   1.3600000e+02   1.4000000e+01   1.0000000e+02   1.0000000e+00   1.4700000e+02   1.4000000e+01   3.1100000e+02   2.4500000e+02   1.5200000e+02   2.4000000e+01   3.1100000e+02   4.4500000e+02   1.4700000e+02   1.4000000e+01   6.0000000e+00
   4.0000000e+01   1.0000000e+00   1.4400000e+02   1.4000000e+01   6.1000000e+01   1.0000000e+00   1.1500000e+02   1.3000000e+01   8.2000000e+01   1.0000000e+00   1.3600000e+02   1.4000000e+01   1.0100000e+02   1.0000000e+00   1.4900000e+02   1.3000000e+01   3.1100000e+02   2.4800000e+02   1.4700000e+02   2.5000000e+01   3.1200000e+02   4.4600000e+02   1.4300000e+02   1.3000000e+01   6.0000000e+00
   4.2000000e+01   1.0000000e+00   1.5000000e+02   1.1000000e+01   6.1000000e+01   1.0000000e+00   1.1400000e+02   1.3000000e+01   8.2000000e+01   1.0000000e+00   1.3500000e+02   1.3000000e+01   1.1400000e+02   1.4500000e+02  -0.0000000e+00  -0.0000000e+00   1.0100000e+02   1.0000000e+00   1.4600000e+02   1.3000000e+01   3.1000000e+02   2.4600000e+02   1.5100000e+02   2.5000000e+01   6.0000000e+00
   4.1000000e+01   1.0000000e+00   1.4400000e+02   1.2000000e+01   5.8000000e+01   1.0000000e+00   1.1500000e+02   1.7000000e+01   8.0000000e+01   3.0000000e+00   1.3200000e+02   1.6000000e+01   1.0000000e+02   1.0000000e+00   1.4500000e+02   1.4000000e+01   3.1200000e+02   2.4000000e+02   1.6200000e+02   2.2000000e+01   3.1100000e+02   4.4500000e+02   1.4400000e+02   1.3000000e+01   6.0000000e+00
   4.0000000e+01   1.0000000e+00   1.4600000e+02   1.5000000e+01   6.2000000e+01   1.0000000e+00   1.1500000e+02   1.4000000e+01   8.1000000e+01   1.0000000e+00   1.3400000e+02   1.4000000e+01   1.0100000e+02   1.0000000e+00   1.4600000e+02   1.3000000e+01   3.1300000e+02   2.4200000e+02   1.6000000e+02   2.1000000e+01   3.1100000e+02   4.4300000e+02   1.4700000e+02   1.3000000e+01   6.0000000e+00
   4.1000000e+01   1.0000000e+00   1.4800000e+02   1.2000000e+01   6.0000000e+01   1.0000000e+00   1.1100000e+02   1.3000000e+01   8.2000000e+01   1.0000000e+00   1.3400000e+02   1.1000000e+01   1.0100000e+02   1.0000000e+00   1.4500000e+02   1.2000000e+01   3.1200000e+02   2.4000000e+02   1.6300000e+02   2.2000000e+01   3.1000000e+02   4.4400000e+02   1.4700000e+02   1.5000000e+01   6.0000000e+00
   4.1000000e+01   3.0000000e+00   1.4600000e+02   1.3000000e+01   6.1000000e+01   1.0000000e+00   1.1300000e+02   1.2000000e+01   8.1000000e+01   1.0000000e+00   1.3300000e+02   1.4000000e+01   1.0100000e+02   1.0000000e+00   1.4600000e+02   1.3000000e+01   3.1200000e+02   2.3900000e+02   1.6400000e+02   2.2000000e+01   3.1100000e+02   4.4400000e+02   1.4600000e+02   1.3000000e+01   6.0000000e+00
   4.0000000e+01   1.0000000e+00   1.4800000e+02   1.5000000e+01   6.1000000e+01   3.0000000e+00   1.1100000e+02   1.3000000e+01   8.1000000e+01   1.0000000e+00   1.3300000e+02   1.4000000e+01   1.0100000e+02   2.0000000e+00   1.4500000e+02   1.3000000e+01   3.1200000e+02   2.4000000e+02   1.6100000e+02   2.4000000e+01   3.1100000e+02   4.4300000e+02   1.4700000e+02   1.4000000e+01   6.0000000e+00
   4.2000000e+01   1.0000000e+00   1.4700000e+02   1.2000000e+01   6.1000000e+01   1.0000000e+00   1.1500000e+02   1.2000000e+01   8.1000000e+01   1.0000000e+00   1.3400000e+02   1.4000000e+01   1.0000000e+02   1.0000000e+00   1.4800000e+02   1.3000000e+01   3.1200000e+02   2.4100000e+02   1.6100000e+02   2.3000000e+01   3.1000000e+02   4.4300000e+02   1.4700000e+02   1.5000000e+01   6.0000000e+00
   4.0000000e+01   1.0000000e+00   1.4800000e+02   1.5000000e+01   6.1000000e+01   1.0000000e+00   1.1300000e+02   1.3000000e+01   8.1000000e+01   1.0000000e+00   1.3200000e+02   1.4000000e+01   1.0100000e+02   1.0000000e+00   1.4500000e+02   1.3000000e+01   3.1000000e+02   2.4100000e+02   1.6200000e+02   2.3000000e+01   3.1100000e+02   4.4300000e+02   1.4800000e+02   1.4000000e+01   6.0000000e+00
   4.0000000e+01   1.0000000e+00   1.4500000e+02   1.3000000e+01   6.1000000e+01   2.0000000e+00   1.1200000e+02   1.3000000e+01   8.2000000e+01   1.0000000e+00   1.3300000e+02   1.3000000e+01   1.0100000e+02   2.0000000e+00   1.4500000e+02   1.3000000e+01   3.1100000e+02   4.4300000e+02   1.4700000e+02   1.5000000e+01   0.0000000e+00   0.0000000e+00   0.0000000e+00   0.0000000e+00   5.0000000e+00
   4.0000000e+01   1.0000000e+00   1.4600000e+02   1.3000000e+01   6.0000000e+01   1.0000000e+00   1.1700000e+02   1.5000000e+01   9.6000000e+01   1.3500000e+02  -0.0000000e+00  -0.0000000e+00   1.0100000e+02   3.0000000e+00   1.4400000e+02   1.3000000e+01   3.1000000e+02   1.9900000e+02   2.4300000e+02   2.5000000e+01   3.1100000e+02   4.4300000e+02   1.4700000e+02   1.2000000e+01   6.0000000e+00
   4.2000000e+01   1.0000000e+00   1.4800000e+02   1.3000000e+01   6.2000000e+01   3.0000000e+00   1.1300000e+02   1.4000000e+01   8.0000000e+01   5.0000000e+00   1.3200000e+02   1.5000000e+01   1.0100000e+02   1.0000000e+00   1.4600000e+02   1.3000000e+01   3.1200000e+02   2.0200000e+02   2.4000000e+02   2.4000000e+01   3.1200000e+02   4.4300000e+02   1.4600000e+02   1.2000000e+01   6.0000000e+00
   4.1000000e+01   1.0000000e+00   1.4700000e+02   1.4000000e+01   6.1000000e+01   1.0000000e+00   1.1600000e+02   1.3000000e+01   8.1000000e+01   1.0000000e+00   1.3600000e+02   1.4000000e+01   1.0100000e+02   1.0000000e+00   1.4600000e+02   1.4000000e+01   3.1200000e+02   1.9700000e+02   2.4600000e+02   2.2000000e+01   3.1200000e+02   4.4500000e+02   1.4700000e+02   1.3000000e+01   6.0000000e+00
   4.2000000e+01   1.0000000e+00   1.4700000e+02   1.2000000e+01   6.1000000e+01   1.0000000e+00   1.1500000e+02   1.3000000e+01   8.2000000e+01   1.0000000e+00   1.3400000e+02   1.3000000e+01   1.0000000e+02   1.0000000e+00   1.4700000e+02   1.5000000e+01   3.1100000e+02   1.9800000e+02   2.4500000e+02   2.5000000e+01   3.1100000e+02   4.4400000e+02   1.4700000e+02   1.3000000e+01   6.0000000e+00
   4.0000000e+01   1.0000000e+00   1.4700000e+02   1.5000000e+01   6.0000000e+01   1.0000000e+00   1.1500000e+02   1.5000000e+01   8.2000000e+01   1.0000000e+00   1.3400000e+02   1.3000000e+01   1.0200000e+02   2.0000000e+00   1.4600000e+02   1.4000000e+01   3.1200000e+02   2.0200000e+02   2.4000000e+02   2.4000000e+01   3.1100000e+02   4.4500000e+02   1.4700000e+02   1.5000000e+01   6.0000000e+00
   4.3000000e+01   2.0000000e+00   1.4500000e+02   1.3000000e+01   6.1000000e+01   5.0000000e+00   1.1100000e+02   1.5000000e+01   8.2000000e+01   1.0000000e+00   1.3500000e+02   1.3000000e+01   1.0200000e+02   1.0000000e+00   1.4600000e+02   1.2000000e+01   3.1000000e+02   2.0000000e+02   2.4200000e+02   2.4000000e+01   3.1100000e+02   4.4300000e+02   1.4600000e+02   1.4000000e+01   6.0000000e+00
   4.3000000e+01   3.0000000e+00   1.4400000e+02   1.2000000e+01   6.1000000e+01   2.0000000e+00   1.1300000e+02   1.3000000e+01   8.2000000e+01   3.0000000e+00   1.3400000e+02   1.2000000e+01   1.0200000e+02   2.0000000e+00   1.4600000e+02   1.2000000e+01   3.1100000e+02   2.0000000e+02   2.4200000e+02   2.5000000e+01   3.1200000e+02   4.4600000e+02   1.4300000e+02   1.3000000e+01   6.0000000e+00
   4.3000000e+01   4.0000000e+00   1.4300000e+02   1.1000000e+01   6.0000000e+01   3.0000000e+00   1.1300000e+02   1.5000000e+01   8.2000000e+01   1.0000000e+00   1.3500000e+02   1.3000000e+01   1.0100000e+02   4.0000000e+00   1.4300000e+02   1.3000000e+01   3.1200000e+02   2.0000000e+02   2.4200000e+02   2.4000000e+01   3.1200000e+02   4.4500000e+02   1.4600000e+02   1.3000000e+01   6.0000000e+00
   4.1000000e+01   1.0000000e+00   1.4700000e+02   1.3000000e+01   6.1000000e+01   4.0000000e+00   1.1200000e+02   1.4000000e+01   8.1000000e+01   4.0000000e+00   1.2900000e+02   1.4000000e+01   1.0100000e+02   3.0000000e+00   1.4300000e+02   1.3000000e+01   3.1200000e+02   4.4300000e+02   1.4700000e+02   1.2000000e+01   0.0000000e+00   0.0000000e+00   0.0000000e+00   0.0000000e+00   5.0000000e+00
   4.2000000e+01   3.0000000e+00   1.4300000e+02   1.3000000e+01   6.1000000e+01   2.0000000e+00   1.1300000e+02   1.4000000e+01   8.1000000e+01   3.0000000e+00   1.3200000e+02   1.5000000e+01   1.0300000e+02   4.0000000e+00   1.4200000e+02   1.2000000e+01   3.1100000e+02   4.4400000e+02   1.4700000e+02   1.4000000e+01   0.0000000e+00   0.0000000e+00   0.0000000e+00   0.0000000e+00   5.0000000e+00
   4.3000000e+01   2.0000000e+00   1.4400000e+02   1.2000000e+01   6.2000000e+01   1.0000000e+00   1.1600000e+02   1.2000000e+01   8.3000000e+01   1.0000000e+00   1.3500000e+02   1.3000000e+01   1.0100000e+02   1.0000000e+00   1.4500000e+02   1.3000000e+01   2.8400000e+02   2.7100000e+02   1.0300000e+02   2.3000000e+01   3.1300000e+02   4.4700000e+02   1.4300000e+02   1.2000000e+01   6.0000000e+00
   4.2000000e+01   1.0000000e+00   1.4700000e+02   1.3000000e+01   6.0000000e+01   2.0000000e+00   1.1300000e+02   1.4000000e+01   8.2000000e+01   1.0000000e+00   1.3400000e+02   1.2000000e+01   1.0200000e+02   1.0000000e+00   1.4700000e+02   1.2000000e+01   2.8400000e+02   2.7000000e+02   1.0700000e+02   2.1000000e+01   3.1200000e+02   4.4300000e+02   1.4700000e+02   1.3000000e+01   6.0000000e+00
   3.1100000e+02   4.4200000e+02   1.4800000e+02   1.4000000e+01   2.8500000e+02   2.7200000e+02   1.0400000e+02   2.2000000e+01   4.2000000e+01   1.0000000e+00   1.4600000e+02   1.2000000e+01   7.6000000e+01   1.1700000e+02  -0.0000000e+00  -0.0000000e+00   8.1000000e+01   2.0000000e+00   1.3400000e+02   1.4000000e+01   1.0000000e+02   4.0000000e+00   1.4300000e+02   1.6000000e+01   6.0000000e+00
   4.1000000e+01   1.0000000e+00   1.4600000e+02   1.5000000e+01   5.8000000e+01   3.0000000e+00   1.1200000e+02   1.7000000e+01   8.2000000e+01   2.0000000e+00   1.3200000e+02   1.4000000e+01   1.0000000e+02   2.0000000e+00   1.4400000e+02   1.6000000e+01   2.8100000e+02   2.6700000e+02   1.0900000e+02   2.6000000e+01   3.1200000e+02   2.0100000e+02   2.4100000e+02   2.2000000e+01   6.0000000e+00
   3.1100000e+02   4.4400000e+02   1.4500000e+02   1.4000000e+01   2.8300000e+02   2.6900000e+02   1.0600000e+02   2.4000000e+01   1.0100000e+02   2.0000000e+00   1.4600000e+02   1.4000000e+01   8.2000000e+01   2.0000000e+00   1.3200000e+02   1.4000000e+01   6.2000000e+01   1.0000000e+00   1.1500000e+02   1.3000000e+01   4.0000000e+01   3.0000000e+00   1.4500000e+02   1.6000000e+01   6.0000000e+00
   3.1200000e+02   4.4600000e+02   1.4300000e+02   1.3000000e+01   2.8200000e+02   2.7200000e+02   1.0500000e+02   2.6000000e+01   1.0200000e+02   2.0000000e+00   1.4400000e+02   1.2000000e+01   8.2000000e+01   3.0000000e+00   1.3100000e+02   1.3000000e+01   6.0000000e+01   1.0000000e+00   1.1400000e+02   1.6000000e+01   4.1000000e+01   1.0000000e+00   1.4700000e+02   1.4000000e+01   6.0000000e+00
   3.1100000e+02   4.4600000e+02   1.4500000e+02   1.3000000e+01   2.8200000e+02   2.6800000e+02   1.0800000e+02   2.4000000e+01   4.1000000e+01   3.0000000e+00   1.4500000e+02   1.4000000e+01   6.1000000e+01   1.0000000e+00   1.1400000e+02   1.1000000e+01   8.2000000e+01   1.0000000e+00   1.3400000e+02   1.4000000e+01   1.0100000e+02   3.0000000e+00   1.4500000e+02   1.5000000e+01   6.0000000e+00
   1.0200000e+02   2.0000000e+00   1.4500000e+02   1.3000000e+01   8.2000000e+01   1.0000000e+00   1.3400000e+02   1.4000000e+01   6.0000000e+01   2.0000000e+00   1.1300000e+02   1.5000000e+01   4.0000000e+01   1.0000000e+00   1.4700000e+02   1.6000000e+01   2.8200000e+02   2.7200000e+02   1.0500000e+02   2.4000000e+01   3.1200000e+02   4.4600000e+02   1.4400000e+02   1.2000000e+01   6.0000000e+00
   3.1100000e+02   4.4500000e+02   1.4500000e+02   1.5000000e+01   2.8400000e+02   2.7200000e+02   1.0300000e+02   2.4000000e+01   1.0100000e+02   3.0000000e+00   1.4300000e+02   1.4000000e+01   8.2000000e+01   2.0000000e+00   1.3300000e+02   1.2000000e+01   6.3000000e+01   5.0000000e+00   1.0900000e+02   1.2000000e+01   4.1000000e+01   5.0000000e+00   1.4200000e+02   1.2000000e+01   6.0000000e+00
   3.1100000e+02   4.4400000e+02   1.4600000e+02   1.4000000e+01   2.8400000e+02   2.6800000e+02   1.0800000e+02   2.5000000e+01   1.0100000e+02   1.0000000e+00   1.4600000e+02   1.3000000e+01   8.2000000e+01   1.0000000e+00   1.3500000e+02   1.4000000e+01   6.0000000e+01   1.0000000e+00   1.1400000e+02   1.3000000e+01   4.1000000e+01   1.0000000e+00   1.4700000e+02   1.4000000e+01   6.0000000e+00
   3.1100000e+02   4.4200000e+02   1.4800000e+02   1.4000000e+01   1.0100000e+02   1.0000000e+00   1.4500000e+02   1.3000000e+01   8.3000000e+01   1.0000000e+00   1.3400000e+02   1.2000000e+01   6.1000000e+01   1.0000000e+00   1.1400000e+02   1.3000000e+01   4.0000000e+01   1.0000000e+00   1.4600000e+02   1.5000000e+01   0.0000000e+00   0.0000000e+00   0.0000000e+00   0.0000000e+00   5.0000000e+00
   3.1100000e+02   4.4500000e+02   1.4300000e+02   1.3000000e+01   1.0200000e+02   2.0000000e+00   1.4200000e+02   1.2000000e+01   8.1000000e+01   1.0000000e+00   1.3300000e+02   1.4000000e+01   5.9000000e+01   1.0000000e+00   1.1400000e+02   1.5000000e+01   4.0000000e+01   2.0000000e+00   1.4500000e+02   1.4000000e+01   0.0000000e+00   0.0000000e+00   0.0000000e+00   0.0000000e+00   5.0000000e+00
   4.1000000e+01   1.0000000e+00   1.4600000e+02   1.3000000e+01   6.2000000e+01   1.0000000e+00   1.1400000e+02   1.2000000e+01   8.2000000e+01   1.0000000e+00   1.3400000e+02   1.4000000e+01   1.0200000e+02   2.0000000e+00   1.4400000e+02   1.2000000e+01   3.1000000e+02   4.4200000e+02   1.4900000e+02   1.4000000e+01   0.0000000e+00   0.0000000e+00   0.0000000e+00   0.0000000e+00   5.0000000e+00
   4.1000000e+01   1.0000000e+00   1.4600000e+02   1.2000000e+01   6.1000000e+01   3.0000000e+00   1.1300000e+02   1.4000000e+01   8.3000000e+01   1.0000000e+00   1.3300000e+02   1.2000000e+01   1.0100000e+02   2.0000000e+00   1.4200000e+02   1.4000000e+01   3.1000000e+02   2.3900000e+02   1.6300000e+02   2.6000000e+01   3.1100000e+02   4.4200000e+02   1.4900000e+02   1.4000000e+01   6.0000000e+00
   4.2000000e+01   1.0000000e+00   1.4500000e+02   1.3000000e+01   6.0000000e+01   1.0000000e+00   1.1500000e+02   1.5000000e+01   8.3000000e+01   1.0000000e+00   1.3300000e+02   1.2000000e+01   1.0100000e+02   1.0000000e+00   1.4400000e+02   1.4000000e+01   3.1100000e+02   2.4100000e+02   1.5900000e+02   2.3000000e+01   3.1200000e+02   4.4200000e+02   1.4800000e+02   1.4000000e+01   6.0000000e+00
   4.3000000e+01   1.0000000e+00   1.4800000e+02   9.0000000e+00   6.1000000e+01   1.0000000e+00   1.1600000e+02   1.4000000e+01   8.3000000e+01   1.0000000e+00   1.3400000e+02   1.0000000e+01   1.0200000e+02   1.0000000e+00   1.4700000e+02   1.4000000e+01   3.1000000e+02   2.4000000e+02   1.6100000e+02   2.7000000e+01   3.1100000e+02   4.4200000e+02   1.4800000e+02   1.5000000e+01   6.0000000e+00
   4.2000000e+01   1.0000000e+00   1.4700000e+02   1.2000000e+01   6.0000000e+01   2.0000000e+00   1.1400000e+02   1.4000000e+01   8.2000000e+01   1.0000000e+00   1.3300000e+02   1.4000000e+01   1.0100000e+02   1.0000000e+00   1.4500000e+02   1.4000000e+01   3.1000000e+02   2.4000000e+02   1.6200000e+02   2.7000000e+01   3.1200000e+02   4.4100000e+02   1.4900000e+02   1.3000000e+01   6.0000000e+00
   4.1000000e+01   5.0000000e+00   1.4300000e+02   1.4000000e+01   5.9000000e+01   2.0000000e+00   1.1500000e+02   1.5000000e+01   8.2000000e+01   1.0000000e+00   1.3400000e+02   1.2000000e+01   1.0300000e+02   1.0000000e+00   1.4600000e+02   1.0000000e+01   3.0900000e+02   2.4100000e+02   1.6000000e+02   2.8000000e+01   3.1200000e+02   4.4300000e+02   1.4600000e+02   1.2000000e+01   6.0000000e+00
   4.1000000e+01   2.0000000e+00   1.4600000e+02   1.4000000e+01   6.0000000e+01   1.0000000e+00   1.1500000e+02   1.5000000e+01   8.1000000e+01   1.0000000e+00   1.3300000e+02   1.4000000e+01   1.0100000e+02   1.0000000e+00   1.4500000e+02   1.4000000e+01   3.1200000e+02   4.4500000e+02   1.4500000e+02   1.2000000e+01   0.0000000e+00   0.0000000e+00   0.0000000e+00   0.0000000e+00   5.0000000e+00
   4.1000000e+01   3.0000000e+00   1.4200000e+02   1.4000000e+01   6.3000000e+01   3.0000000e+00   1.1200000e+02   1.2000000e+01   8.1000000e+01   1.0000000e+00   1.3200000e+02   1.4000000e+01   1.0100000e+02   4.0000000e+00   1.4400000e+02   1.4000000e+01   3.1000000e+02   2.0000000e+02   2.3700000e+02   2.8000000e+01   3.1300000e+02   4.4400000e+02   1.4500000e+02   1.2000000e+01   6.0000000e+00
   4.0000000e+01   2.0000000e+00   1.4600000e+02   1.4000000e+01   6.1000000e+01   3.0000000e+00   1.1200000e+02   1.3000000e+01   8.3000000e+01   1.0000000e+00   1.3400000e+02   1.3000000e+01   1.0200000e+02   3.0000000e+00   1.4500000e+02   1.2000000e+01   3.1000000e+02   1.9800000e+02   2.3900000e+02   2.7000000e+01   3.1200000e+02   4.4400000e+02   1.4700000e+02   1.3000000e+01   6.0000000e+00
   4.2000000e+01   4.0000000e+00   1.4300000e+02   1.2000000e+01   6.0000000e+01   1.0000000e+00   1.1400000e+02   1.6000000e+01   8.2000000e+01   3.0000000e+00   1.3500000e+02   1.3000000e+01   1.0100000e+02   3.0000000e+00   1.4300000e+02   1.5000000e+01   3.1100000e+02   1.9900000e+02   2.3700000e+02   2.6000000e+01   3.1000000e+02   4.4300000e+02   1.4900000e+02   1.6000000e+01   6.0000000e+00
   4.0000000e+01   1.0000000e+00   1.4600000e+02   1.4000000e+01   6.1000000e+01   4.0000000e+00   1.1300000e+02   1.5000000e+01   8.2000000e+01   1.0000000e+00   1.3400000e+02   1.4000000e+01   1.0100000e+02   1.0000000e+00   1.4400000e+02   1.5000000e+01   3.1100000e+02   2.0000000e+02   2.4000000e+02   2.6000000e+01   3.1000000e+02   4.4300000e+02   1.4500000e+02   1.5000000e+01   6.0000000e+00
   4.0000000e+01   4.0000000e+00   1.4500000e+02   1.5000000e+01   6.2000000e+01   3.0000000e+00   1.1200000e+02   1.4000000e+01   8.2000000e+01   2.0000000e+00   1.3300000e+02   1.3000000e+01   1.0000000e+02   2.0000000e+00   1.4400000e+02   1.5000000e+01   3.1100000e+02   1.9900000e+02   2.4500000e+02   2.5000000e+01   3.1100000e+02   4.4300000e+02   1.4700000e+02   1.4000000e+01   6.0000000e+00
   4.3000000e+01   2.0000000e+00   1.4600000e+02   1.1000000e+01   6.1000000e+01   1.0000000e+00   1.1500000e+02   1.3000000e+01   8.0000000e+01   2.0000000e+00   1.3200000e+02   1.5000000e+01   1.0000000e+02   4.0000000e+00   1.4300000e+02   1.4000000e+01   3.3700000e+02   4.4000000e+02  -0.0000000e+00  -0.0000000e+00   3.1200000e+02   4.4500000e+02   1.4400000e+02   1.3000000e+01   6.0000000e+00
   4.1000000e+01   1.0000000e+00   1.4600000e+02   1.4000000e+01   6.2000000e+01   5.0000000e+00   1.1200000e+02   1.2000000e+01   8.2000000e+01   1.0000000e+00   1.3400000e+02   1.4000000e+01   1.0000000e+02   4.0000000e+00   1.4300000e+02   1.6000000e+01   3.0900000e+02   2.0000000e+02   2.4200000e+02   2.7000000e+01   3.1200000e+02   4.4200000e+02   1.4800000e+02   1.4000000e+01   6.0000000e+00
   4.2000000e+01   1.0000000e+00   1.4700000e+02   1.1000000e+01   6.0000000e+01   3.0000000e+00   1.1100000e+02   1.6000000e+01   8.0000000e+01   3.0000000e+00   1.3200000e+02   1.5000000e+01   1.0200000e+02   3.0000000e+00   1.4400000e+02   1.2000000e+01   3.1100000e+02   1.9700000e+02   2.4300000e+02   2.6000000e+01   3.1100000e+02   4.4200000e+02   1.4800000e+02   1.3000000e+01   6.0000000e+00
   4.2000000e+01   1.0000000e+00   1.4700000e+02   1.3000000e+01   6.3000000e+01   1.0000000e+00   1.1700000e+02   1.1000000e+01   8.3000000e+01   5.0000000e+00   1.3200000e+02   1.4000000e+01   1.0000000e+02   1.0000000e+00   1.4500000e+02   1.6000000e+01   3.1000000e+02   1.9900000e+02   2.4400000e+02   2.6000000e+01   3.1100000e+02   4.4200000e+02   1.5000000e+02   1.4000000e+01   6.0000000e+00
   4.0000000e+01   1.0000000e+00   1.4800000e+02   1.3000000e+01   6.1000000e+01   1.0000000e+00   1.1000000e+02   1.4000000e+01   8.0000000e+01   1.0000000e+00   1.3500000e+02   1.6000000e+01   1.0200000e+02   3.0000000e+00   1.4500000e+02   1.3000000e+01   3.1000000e+02   2.9600000e+02   5.0000000e+01   2.8000000e+01   3.1100000e+02   4.4200000e+02   1.4800000e+02   1.4000000e+01   6.0000000e+00
   3.9000000e+01   2.0000000e+00   1.4400000e+02   1.7000000e+01   5.9000000e+01   1.0000000e+00   1.1500000e+02   1.6000000e+01   8.2000000e+01   1.0000000e+00   1.3500000e+02   1.4000000e+01   1.0100000e+02   1.0000000e+00   1.4600000e+02   1.2000000e+01   3.1000000e+02   2.9600000e+02   5.4000000e+01   2.7000000e+01   3.1200000e+02   4.4300000e+02   1.4500000e+02   1.3000000e+01   6.0000000e+00
   4.2000000e+01   1.0000000e+00   1.4800000e+02   1.3000000e+01   5.8000000e+01   1.0000000e+00   1.1400000e+02   1.8000000e+01   8.2000000e+01   1.0000000e+00   1.3500000e+02   1.4000000e+01   1.0100000e+02   3.0000000e+00   1.4500000e+02   1.5000000e+01   3.1200000e+02   2.9400000e+02   5.4000000e+01   2.4000000e+01   3.1100000e+02   4.4100000e+02   1.4900000e+02   1.5000000e+01   6.0000000e+00
   4.0000000e+01   1.0000000e+00   1.4700000e+02   1.4000000e+01   5.9000000e+01   1.0000000e+00   1.1400000e+02   1.7000000e+01   8.2000000e+01   1.0000000e+00   1.3600000e+02   1.4000000e+01   1.0100000e+02   1.0000000e+00   1.4600000e+02   1.5000000e+01   3.1000000e+02   4.4100000e+02   1.4800000e+02   1.5000000e+01   0.0000000e+00   0.0000000e+00   0.0000000e+00   0.0000000e+00   5.0000000e+00
   4.0000000e+01   1.0000000e+00   1.4700000e+02   1.4000000e+01   6.1000000e+01   1.0000000e+00   1.1500000e+02   1.4000000e+01   8.1000000e+01   1.0000000e+00   1.3500000e+02   1.5000000e+01   1.0100000e+02   2.0000000e+00   1.4700000e+02   1.5000000e+01   3.1000000e+02   4.4200000e+02   1.4700000e+02   1.6000000e+01   0.0000000e+00   0.0000000e+00   0.0000000e+00   0.0000000e+00   5.0000000e+00
   4.0000000e+01   3.0000000e+00   1.4400000e+02   1.5000000e+01   5.9000000e+01   1.0000000e+00   1.1400000e+02   1.5000000e+01   8.1000000e+01   1.0000000e+00   1.3400000e+02   1.5000000e+01   1.0200000e+02   1.0000000e+00   1.4600000e+02   1.4000000e+01   3.1100000e+02   2.2100000e+02   2.0300000e+02   2.5000000e+01   3.1200000e+02   4.4300000e+02   1.4800000e+02   1.3000000e+01   6.0000000e+00
   4.1000000e+01   4.0000000e+00   1.4500000e+02   1.4000000e+01   6.0000000e+01   2.0000000e+00   1.1400000e+02   1.6000000e+01   8.1000000e+01   1.0000000e+00   1.3400000e+02   1.5000000e+01   1.0300000e+02   1.0000000e+00   1.4600000e+02   1.3000000e+01   3.1000000e+02   2.1900000e+02   2.0500000e+02   2.6000000e+01   3.1000000e+02   4.4300000e+02   1.4700000e+02   1.5000000e+01   6.0000000e+00
   4.2000000e+01   3.0000000e+00   1.4300000e+02   1.3000000e+01   6.2000000e+01   4.0000000e+00   1.1200000e+02   1.4000000e+01   8.1000000e+01   1.0000000e+00   1.3400000e+02   1.5000000e+01   1.0000000e+02   2.0000000e+00   1.4500000e+02   1.5000000e+01   3.0900000e+02   2.2000000e+02   2.0200000e+02   2.7000000e+01   3.1000000e+02   4.4400000e+02   1.4600000e+02   1.6000000e+01   6.0000000e+00
   4.0000000e+01   1.0000000e+00   1.4500000e+02   1.4000000e+01   6.1000000e+01   1.0000000e+00   1.1500000e+02   1.3000000e+01   8.1000000e+01   1.0000000e+00   1.3400000e+02   1.4000000e+01   1.0000000e+02   1.0000000e+00   1.4700000e+02   1.5000000e+01   3.1000000e+02   2.6600000e+02   1.0900000e+02   2.5000000e+01   3.1100000e+02   4.4400000e+02   1.4600000e+02   1.3000000e+01   6.0000000e+00
   4.1000000e+01   1.0000000e+00   1.4600000e+02   1.4000000e+01   6.1000000e+01   1.0000000e+00   1.1500000e+02   1.3000000e+01   8.2000000e+01   1.0000000e+00   1.3300000e+02   1.4000000e+01   1.0100000e+02   1.0000000e+00   1.4700000e+02   1.5000000e+01   3.1100000e+02   2.6900000e+02   1.0700000e+02   2.4000000e+01   3.1300000e+02   4.4400000e+02   1.4600000e+02   1.3000000e+01   6.0000000e+00
   4.1000000e+01   2.0000000e+00   1.4500000e+02   1.3000000e+01   6.1000000e+01   1.0000000e+00   1.1500000e+02   1.4000000e+01   8.2000000e+01   1.0000000e+00   1.3500000e+02   1.4000000e+01   1.0100000e+02   1.0000000e+00   1.4600000e+02   1.4000000e+01   3.1100000e+02   2.6700000e+02   1.0800000e+02   2.5000000e+01   3.1000000e+02   4.4400000e+02   1.4600000e+02   1.5000000e+01   6.0000000e+00
   4.0000000e+01   1.0000000e+00   1.4500000e+02   1.6000000e+01   6.1000000e+01   4.0000000e+00   1.1100000e+02   1.5000000e+01   8.1000000e+01   1.0000000e+00   1.3400000e+02   1.4000000e+01   1.0200000e+02   2.0000000e+00   1.4500000e+02   1.2000000e+01   3.1100000e+02   4.4500000e+02   1.4500000e+02   1.4000000e+01   0.0000000e+00   0.0000000e+00   0.0000000e+00   0.0000000e+00   5.0000000e+00
   4.2000000e+01   1.0000000e+00   1.4700000e+02   1.4000000e+01   6.1000000e+01   1.0000000e+00   1.1200000e+02   1.4000000e+01   8.1000000e+01   1.0000000e+00   1.3600000e+02   1.5000000e+01   1.0100000e+02   1.0000000e+00   1.4600000e+02   1.4000000e+01   3.1000000e+02   2.4200000e+02   1.6100000e+02   2.6000000e+01   3.1200000e+02   4.4300000e+02   1.4700000e+02   1.2000000e+01   6.0000000e+00
   3.9000000e+01   2.0000000e+00   1.4600000e+02   1.7000000e+01   6.1000000e+01   1.0000000e+00   1.1500000e+02   1.4000000e+01   8.3000000e+01   1.0000000e+00   1.3500000e+02   1.3000000e+01   1.0000000e+02   1.0000000e+00   1.4600000e+02   1.5000000e+01   3.0800000e+02   2.4300000e+02   1.5900000e+02   2.8000000e+01   3.1100000e+02   4.4300000e+02   1.4800000e+02   1.4000000e+01   6.0000000e+00
   4.2000000e+01   1.0000000e+00   1.4800000e+02   1.1000000e+01   6.1000000e+01   1.0000000e+00   1.1600000e+02   1.5000000e+01   8.3000000e+01   1.0000000e+00   1.3400000e+02   1.2000000e+01   1.0200000e+02   1.0000000e+00   1.4600000e+02   1.2000000e+01   3.0900000e+02   2.4100000e+02   1.6100000e+02   2.7000000e+01   3.1200000e+02   4.4300000e+02   1.4800000e+02   1.3000000e+01   6.0000000e+00
   4.1000000e+01   1.0000000e+00   1.4600000e+02   1.4000000e+01   6.0000000e+01   1.0000000e+00   1.1600000e+02   1.6000000e+01   8.3000000e+01   1.0000000e+00   1.3400000e+02   1.3000000e+01   1.0000000e+02   1.0000000e+00   1.4600000e+02   1.5000000e+01   3.0800000e+02   2.4200000e+02   1.6000000e+02   2.7000000e+01   3.1100000e+02   4.4200000e+02   1.5000000e+02   1.4000000e+01   6.0000000e+00
   4.0000000e+01   1.0000000e+00   1.4700000e+02   1.6000000e+01   6.0000000e+01   2.0000000e+00   1.1400000e+02   1.6000000e+01   8.3000000e+01   1.0000000e+00   1.3400000e+02   1.2000000e+01   1.0000000e+02   3.0000000e+00   1.4500000e+02   1.4000000e+01   3.1000000e+02   2.4000000e+02   1.6100000e+02   2.7000000e+01   3.1100000e+02   4.4200000e+02   1.4700000e+02   1.4000000e+01   6.0000000e+00
   4.0000000e+01   1.0000000e+00   1.4800000e+02   1.4000000e+01   6.0000000e+01   1.0000000e+00   1.1500000e+02   1.6000000e+01   8.1000000e+01   1.0000000e+00   1.3500000e+02   1.4000000e+01   1.0000000e+02   2.0000000e+00   1.4500000e+02   1.6000000e+01   3.0800000e+02   2.4000000e+02   1.6200000e+02   2.6000000e+01   3.0900000e+02   4.4400000e+02   1.4500000e+02   1.7000000e+01   6.0000000e+00
   4.2000000e+01   3.0000000e+00   1.4600000e+02   1.2000000e+01   6.1000000e+01   1.0000000e+00   1.1500000e+02   1.5000000e+01   8.1000000e+01   1.0000000e+00   1.3400000e+02   1.3000000e+01   1.0100000e+02   2.0000000e+00   1.4600000e+02   1.4000000e+01   3.1000000e+02   4.4100000e+02   1.4900000e+02   1.6000000e+01   0.0000000e+00   0.0000000e+00   0.0000000e+00   0.0000000e+00   5.0000000e+00
   4.1000000e+01   1.0000000e+00   1.4700000e+02   1.3000000e+01   6.0000000e+01   2.0000000e+00   1.1500000e+02   1.4000000e+01   8.1000000e+01   1.0000000e+00   1.3300000e+02   1.5000000e+01   1.0000000e+02   1.0000000e+00   1.4700000e+02   1.5000000e+01   3.1000000e+02   2.3600000e+02   1.6500000e+02   2.4000000e+01   3.1100000e+02   4.4200000e+02   1.4800000e+02   1.4000000e+01   6.0000000e+00
   3.8000000e+01   3.0000000e+00   1.4400000e+02   1.8000000e+01   5.9000000e+01   2.0000000e+00   1.1400000e+02   1.5000000e+01   8.2000000e+01   3.0000000e+00   1.3400000e+02   1.3000000e+01   1.0000000e+02   3.0000000e+00   1.4400000e+02   1.4000000e+01   3.1100000e+02   2.3800000e+02   1.6600000e+02   2.4000000e+01   3.1100000e+02   4.4500000e+02   1.4700000e+02   1.5000000e+01   6.0000000e+00
   4.1000000e+01   1.0000000e+00   1.4700000e+02   1.4000000e+01   6.0000000e+01   3.0000000e+00   1.1300000e+02   1.5000000e+01   8.0000000e+01   1.0000000e+00   1.3400000e+02   1.6000000e+01   1.0000000e+02   1.0000000e+00   1.4700000e+02   1.4000000e+01   3.0800000e+02   2.3900000e+02   1.5800000e+02   2.7000000e+01   3.1100000e+02   4.4300000e+02   1.4800000e+02   1.3000000e+01   6.0000000e+00
   4.0000000e+01   1.0000000e+00   1.5100000e+02   1.6000000e+01   6.0000000e+01   2.0000000e+00   1.1500000e+02   1.5000000e+01   8.0000000e+01   1.0000000e+00   1.3400000e+02   1.6000000e+01   1.0100000e+02   3.0000000e+00   1.4600000e+02   1.4000000e+01   3.1100000e+02   4.4400000e+02   1.4500000e+02   1.4000000e+01   0.0000000e+00   0.0000000e+00   0.0000000e+00   0.0000000e+00   5.0000000e+00
   4.0000000e+01   1.0000000e+00   1.4800000e+02   1.5000000e+01   5.9000000e+01   1.0000000e+00   1.1400000e+02   1.5000000e+01   8.1000000e+01   1.0000000e+00   1.3500000e+02   1.5000000e+01   1.0200000e+02   1.0000000e+00   1.4700000e+02   1.3000000e+01   3.1100000e+02   4.4300000e+02   1.4500000e+02   1.5000000e+01   0.0000000e+00   0.0000000e+00   0.0000000e+00   0.0000000e+00   5.0000000e+00
   4.1000000e+01   1.0000000e+00   1.4800000e+02   1.5000000e+01   6.0000000e+01   3.0000000e+00   1.1400000e+02   1.6000000e+01   8.1000000e+01   3.0000000e+00   1.3200000e+02   1.4000000e+01   1.0100000e+02   2.0000000e+00   1.4600000e+02   1.4000000e+01   3.1100000e+02   4.4400000e+02   1.4700000e+02   1.5000000e+01   0.0000000e+00   0.0000000e+00   0.0000000e+00   0.0000000e+00   5.0000000e+00
   4.0000000e+01   1.0000000e+00   1.4700000e+02   1.5000000e+01   5.9000000e+01   4.0000000e+00   1.1100000e+02   1.6000000e+01   8.1000000e+01   1.0000000e+00   1.3400000e+02   1.5000000e+01   1.0100000e+02   3.0000000e+00   1.4400000e+02   1.5000000e+01   3.1100000e+02   4.4400000e+02   1.4700000e+02   1.5000000e+01   0.0000000e+00   0.0000000e+00   0.0000000e+00   0.0000000e+00   5.0000000e+00
   4.1000000e+01   1.0000000e+00   1.4700000e+02   1.5000000e+01   6.0000000e+01   2.0000000e+00   1.1500000e+02   1.4000000e+01   8.1000000e+01   1.0000000e+00   1.3400000e+02   1.2000000e+01   1.0300000e+02   3.0000000e+00   1.4500000e+02   1.2000000e+01   3.1100000e+02   4.4600000e+02   1.4300000e+02   1.4000000e+01   0.0000000e+00   0.0000000e+00   0.0000000e+00   0.0000000e+00   5.0000000e+00
   4.0000000e+01   3.0000000e+00   1.4500000e+02   1.6000000e+01   5.9000000e+01   2.0000000e+00   1.1200000e+02   1.6000000e+01   8.3000000e+01   1.0000000e+00   1.3500000e+02   1.3000000e+01   1.0000000e+02   1.0000000e+00   1.4700000e+02   1.4000000e+01   3.1100000e+02   4.4500000e+02   1.4500000e+02   1.2000000e+01   0.0000000e+00   0.0000000e+00   0.0000000e+00   0.0000000e+00   5.0000000e+00
