   0.0000000e+00   0.0000000e+00   0.0000000e+00   0.0000000e+00   0.0000000e+00   0.0000000e+00   0.0000000e+00   0.0000000e+00   0.0000000e+00
   0.0000000e+00   0.0000000e+00   0.0000000e+00   0.0000000e+00   0.0000000e+00   0.0000000e+00   0.0000000e+00   0.0000000e+00   0.0000000e+00
   0.0000000e+00   0.0000000e+00   0.0000000e+00   0.0000000e+00   0.0000000e+00   0.0000000e+00   0.0000000e+00   0.0000000e+00   0.0000000e+00
   0.0000000e+00   0.0000000e+00   0.0000000e+00   0.0000000e+00   0.0000000e+00   0.0000000e+00   0.0000000e+00   0.0000000e+00   0.0000000e+00
   5.1000000e+02   2.2900000e+02   5.7000000e+02   3.6000000e+01   5.4600000e+02   1.7900000e+02   6.6800000e+02   2.5000000e+01   2.0000000e+00
   5.1100000e+02   2.3200000e+02   5.6700000e+02   3.6000000e+01   5.4700000e+02   1.8200000e+02   6.6600000e+02   2.1000000e+01   2.0000000e+00
   5.1000000e+02   2.2900000e+02   5.6700000e+02   3.6000000e+01   5.4600000e+02   1.8000000e+02   6.6700000e+02   2.4000000e+01   2.0000000e+00
   5.1000000e+02   2.3200000e+02   5.6800000e+02   3.6000000e+01   5.4700000e+02   1.8200000e+02   6.6500000e+02   2.1000000e+01   2.0000000e+00
   5.1100000e+02   2.3200000e+02   5.6400000e+02   3.4000000e+01   5.4800000e+02   1.8200000e+02   6.6500000e+02   2.0000000e+01   2.0000000e+00
   5.1100000e+02   2.2900000e+02   5.7000000e+02   3.4000000e+01   5.4700000e+02   1.8300000e+02   6.5900000e+02   2.1000000e+01   2.0000000e+00
   5.1100000e+02   2.4000000e+02   5.5700000e+02   3.5000000e+01   5.4700000e+02   1.8600000e+02   6.5300000e+02   2.2000000e+01   2.0000000e+00
   5.0900000e+02   2.3800000e+02   5.5300000e+02   3.8000000e+01   5.4700000e+02   1.8300000e+02   6.6000000e+02   2.2000000e+01   2.0000000e+00
   5.1000000e+02   2.3200000e+02   5.6500000e+02   3.6000000e+01   5.4600000e+02   1.8500000e+02   6.5400000e+02   2.4000000e+01   2.0000000e+00
   5.0900000e+02   1.8900000e+02   6.3400000e+02   3.7000000e+01   5.4700000e+02   1.8000000e+02   6.6500000e+02   2.4000000e+01   2.0000000e+00
   5.1100000e+02   1.8900000e+02   6.3400000e+02   3.5000000e+01   5.4700000e+02   1.8500000e+02   6.6100000e+02   2.5000000e+01   2.0000000e+00
   5.1000000e+02   1.8200000e+02   6.4400000e+02   3.5000000e+01   5.4700000e+02   1.8400000e+02   6.5900000e+02   2.5000000e+01   2.0000000e+00
   5.1200000e+02   1.8700000e+02   6.3900000e+02   3.4000000e+01   5.4600000e+02   1.8400000e+02   6.6000000e+02   2.6000000e+01   2.0000000e+00
   5.0900000e+02   1.8900000e+02   6.3500000e+02   3.6000000e+01   5.4600000e+02   1.8600000e+02   6.5400000e+02   2.6000000e+01   2.0000000e+00
   5.0900000e+02   1.9100000e+02   6.3200000e+02   3.7000000e+01   5.4700000e+02   1.8300000e+02   6.6000000e+02   2.3000000e+01   2.0000000e+00
   5.1000000e+02   1.8800000e+02   6.3400000e+02   3.7000000e+01   5.4900000e+02   1.8300000e+02   6.5900000e+02   2.2000000e+01   2.0000000e+00
   5.1100000e+02   1.9000000e+02   6.3100000e+02   3.5000000e+01   5.4700000e+02   1.8600000e+02   6.5600000e+02   2.4000000e+01   2.0000000e+00
   5.0900000e+02   1.9500000e+02   6.2400000e+02   3.6000000e+01   5.4600000e+02   1.8500000e+02   6.5500000e+02   2.7000000e+01   2.0000000e+00
   5.0900000e+02   1.9000000e+02   6.3100000e+02   3.6000000e+01   5.4700000e+02   1.8600000e+02   6.5600000e+02   2.5000000e+01   2.0000000e+00
   5.1000000e+02   2.5100000e+02   5.0400000e+02   3.7000000e+01   5.4500000e+02   2.0500000e+02   6.1100000e+02   2.7000000e+01   2.0000000e+00
   5.1100000e+02   2.4900000e+02   5.0700000e+02   3.6000000e+01   5.4700000e+02   2.0500000e+02   6.1300000e+02   2.6000000e+01   2.0000000e+00
   5.1100000e+02   2.5400000e+02   5.0200000e+02   3.5000000e+01   5.4500000e+02   2.0800000e+02   6.1100000e+02   2.6000000e+01   2.0000000e+00
   5.1000000e+02   2.4800000e+02   5.0800000e+02   3.6000000e+01   5.4500000e+02   2.0900000e+02   6.0900000e+02   2.7000000e+01   2.0000000e+00
   5.0900000e+02   2.5200000e+02   5.0500000e+02   3.8000000e+01   5.4400000e+02   2.0800000e+02   6.1100000e+02   2.7000000e+01   2.0000000e+00
   5.1000000e+02   2.4800000e+02   5.1000000e+02   3.7000000e+01   5.4500000e+02   2.0800000e+02   6.0800000e+02   2.7000000e+01   2.0000000e+00
   5.0900000e+02   2.5400000e+02   5.0000000e+02   3.9000000e+01   5.4600000e+02   2.0900000e+02   6.0800000e+02   2.7000000e+01   2.0000000e+00
   5.0800000e+02   2.5200000e+02   5.0600000e+02   3.9000000e+01   5.4400000e+02   2.0600000e+02   6.1400000e+02   3.0000000e+01   2.0000000e+00
   5.1000000e+02   1.8700000e+02   6.5200000e+02   3.8000000e+01   5.4500000e+02   1.5100000e+02   7.2400000e+02   2.8000000e+01   2.0000000e+00
   5.1000000e+02   1.8700000e+02   6.5300000e+02   3.8000000e+01   5.4600000e+02   1.5200000e+02   7.2500000e+02   2.7000000e+01   2.0000000e+00
   5.1100000e+02   1.8400000e+02   6.6100000e+02   3.6000000e+01   5.4600000e+02   1.5200000e+02   7.2500000e+02   2.6000000e+01   2.0000000e+00
   5.1000000e+02   1.8300000e+02   6.6100000e+02   3.7000000e+01   5.4600000e+02   1.5200000e+02   7.2700000e+02   2.6000000e+01   2.0000000e+00
   5.1200000e+02   1.8700000e+02   6.5900000e+02   3.4000000e+01   5.4600000e+02   1.5300000e+02   7.2100000e+02   2.7000000e+01   2.0000000e+00
   5.1000000e+02   1.8600000e+02   6.5800000e+02   3.5000000e+01   5.4600000e+02   1.5500000e+02   7.1800000e+02   2.6000000e+01   2.0000000e+00
   5.1000000e+02   1.8300000e+02   6.6200000e+02   3.6000000e+01   5.4500000e+02   1.5300000e+02   7.2000000e+02   2.8000000e+01   2.0000000e+00
   5.0900000e+02   1.8500000e+02   6.5600000e+02   3.8000000e+01   5.4600000e+02   1.5200000e+02   7.2200000e+02   2.6000000e+01   2.0000000e+00
   5.1000000e+02   1.8400000e+02   6.5900000e+02   3.7000000e+01   5.4800000e+02   1.4900000e+02   7.3000000e+02   2.4000000e+01   2.0000000e+00
   5.1000000e+02   1.8300000e+02   6.6200000e+02   3.5000000e+01   5.4700000e+02   1.4800000e+02   7.3500000e+02   2.5000000e+01   2.0000000e+00
   5.1000000e+02   1.8200000e+02   6.6400000e+02   3.5000000e+01   5.4600000e+02   1.5100000e+02   7.2800000e+02   2.6000000e+01   2.0000000e+00
   5.1000000e+02   1.8700000e+02   6.5100000e+02   3.8000000e+01   5.4600000e+02   1.5000000e+02   7.2400000e+02   2.5000000e+01   2.0000000e+00
   5.1100000e+02   1.9800000e+02   6.1600000e+02   3.5000000e+01   5.4600000e+02   1.1500000e+02   7.9200000e+02   2.3000000e+01   2.0000000e+00
   5.1000000e+02   1.9800000e+02   6.0900000e+02   3.5000000e+01   5.4700000e+02   1.1800000e+02   7.9200000e+02   2.2000000e+01   2.0000000e+00
   5.0900000e+02   1.9400000e+02   6.1200000e+02   4.0000000e+01   5.4600000e+02   1.1400000e+02   7.9500000e+02   2.4000000e+01   2.0000000e+00
   5.1100000e+02   1.9900000e+02   6.1100000e+02   3.5000000e+01   5.4600000e+02   1.1100000e+02   8.0300000e+02   2.3000000e+01   2.0000000e+00
   5.1000000e+02   1.9800000e+02   6.1300000e+02   3.6000000e+01   5.4700000e+02   1.0900000e+02   7.9900000e+02   2.2000000e+01   2.0000000e+00
   5.1100000e+02   1.9400000e+02   6.1700000e+02   3.5000000e+01   5.4700000e+02   1.1300000e+02   7.9600000e+02   2.1000000e+01   2.0000000e+00
   5.1100000e+02   1.9700000e+02   6.0600000e+02   3.4000000e+01   5.4500000e+02   1.1300000e+02   7.9500000e+02   2.5000000e+01   2.0000000e+00
   5.0900000e+02   1.9700000e+02   6.0700000e+02   3.9000000e+01   5.4400000e+02   1.1200000e+02   7.9500000e+02   2.7000000e+01   2.0000000e+00
   5.0900000e+02   1.9700000e+02   6.1400000e+02   3.9000000e+01   5.4700000e+02   1.1100000e+02   7.9700000e+02   2.2000000e+01   2.0000000e+00
   5.1300000e+02   1.9500000e+02   6.1200000e+02   3.0000000e+01   5.5000000e+02   1.1500000e+02   7.9200000e+02   1.8000000e+01   2.0000000e+00
   5.1400000e+02   1.9800000e+02   6.1300000e+02   3.1000000e+01   5.4900000e+02   1.1500000e+02   7.9300000e+02   2.0000000e+01   2.0000000e+00
   5.1100000e+02   2.0300000e+02   6.0400000e+02   3.3000000e+01   5.5000000e+02   1.1700000e+02   7.9400000e+02   1.8000000e+01   2.0000000e+00
   5.1400000e+02   2.0000000e+02   6.1300000e+02   3.1000000e+01   5.5000000e+02   1.1200000e+02   8.0000000e+02   1.9000000e+01   2.0000000e+00
   0.0000000e+00   0.0000000e+00   0.0000000e+00   0.0000000e+00   0.0000000e+00   0.0000000e+00   0.0000000e+00   0.0000000e+00   0.0000000e+00
   0.0000000e+00   0.0000000e+00   0.0000000e+00   0.0000000e+00   0.0000000e+00   0.0000000e+00   0.0000000e+00   0.0000000e+00   0.0000000e+00
   0.0000000e+00   0.0000000e+00   0.0000000e+00   0.0000000e+00   0.0000000e+00   0.0000000e+00   0.0000000e+00   0.0000000e+00   0.0000000e+00
   0.0000000e+00   0.0000000e+00   0.0000000e+00   0.0000000e+00   0.0000000e+00   0.0000000e+00   0.0000000e+00   0.0000000e+00   0.0000000e+00
   5.1100000e+02   3.7300000e+02   2.8000000e+02   3.5000000e+01   5.4700000e+02   3.5800000e+02   3.0900000e+02   2.3000000e+01   2.0000000e+00
   5.1000000e+02   3.7500000e+02   2.8000000e+02   3.7000000e+01   5.4700000e+02   3.5800000e+02   3.0600000e+02   2.5000000e+01   2.0000000e+00
   5.1000000e+02   3.7100000e+02   2.8600000e+02   3.6000000e+01   5.4800000e+02   3.6200000e+02   3.0400000e+02   2.4000000e+01   2.0000000e+00
   5.1100000e+02   3.7000000e+02   2.8500000e+02   3.4000000e+01   5.4900000e+02   3.5700000e+02   3.1000000e+02   2.3000000e+01   2.0000000e+00
   5.1200000e+02   3.6900000e+02   2.8600000e+02   3.5000000e+01   5.4800000e+02   3.5700000e+02   3.0900000e+02   2.5000000e+01   2.0000000e+00
   5.1300000e+02   3.6800000e+02   2.9200000e+02   3.4000000e+01   5.4800000e+02   3.5800000e+02   3.0800000e+02   2.4000000e+01   2.0000000e+00
