   3.7700000e+02   3.0700000e+02   1.9100000e+02   2.7000000e+01   3.9900000e+02   2.7600000e+02   2.5000000e+02   2.0000000e+01   2.0000000e+00
   3.7500000e+02   3.0600000e+02   1.9100000e+02   2.9000000e+01   4.0200000e+02   2.7900000e+02   2.4500000e+02   1.7000000e+01   2.0000000e+00
   3.7600000e+02   3.0800000e+02   1.8800000e+02   2.7000000e+01   4.0200000e+02   2.7700000e+02   2.4900000e+02   1.7000000e+01   2.0000000e+00
   3.7600000e+02   3.0600000e+02   1.8800000e+02   2.5000000e+01   4.0000000e+02   2.7600000e+02   2.5000000e+02   2.0000000e+01   2.0000000e+00
   3.7700000e+02   3.0600000e+02   1.9000000e+02   2.4000000e+01   4.0100000e+02   2.7700000e+02   2.4600000e+02   1.9000000e+01   2.0000000e+00
   0.0000000e+00   0.0000000e+00   0.0000000e+00   0.0000000e+00   0.0000000e+00   0.0000000e+00   0.0000000e+00   0.0000000e+00   0.0000000e+00
   0.0000000e+00   0.0000000e+00   0.0000000e+00   0.0000000e+00   0.0000000e+00   0.0000000e+00   0.0000000e+00   0.0000000e+00   0.0000000e+00
   3.8000000e+02   3.7900000e+02   4.4000000e+01   2.1000000e+01   4.0000000e+02   3.7800000e+02   4.7000000e+01   1.9000000e+01   2.0000000e+00
   3.7400000e+02   3.7800000e+02   4.5000000e+01   2.7000000e+01   4.0200000e+02   3.7800000e+02   4.7000000e+01   1.7000000e+01   2.0000000e+00
   0.0000000e+00   0.0000000e+00   0.0000000e+00   0.0000000e+00   0.0000000e+00   0.0000000e+00   0.0000000e+00   0.0000000e+00   0.0000000e+00
   0.0000000e+00   0.0000000e+00   0.0000000e+00   0.0000000e+00   0.0000000e+00   0.0000000e+00   0.0000000e+00   0.0000000e+00   0.0000000e+00
   0.0000000e+00   0.0000000e+00   0.0000000e+00   0.0000000e+00   0.0000000e+00   0.0000000e+00   0.0000000e+00   0.0000000e+00   0.0000000e+00
   0.0000000e+00   0.0000000e+00   0.0000000e+00   0.0000000e+00   0.0000000e+00   0.0000000e+00   0.0000000e+00   0.0000000e+00   0.0000000e+00
   3.7600000e+02   3.5500000e+02   9.1000000e+01   2.5000000e+01   3.9800000e+02   3.4100000e+02   1.2200000e+02   2.1000000e+01   2.0000000e+00
   3.7700000e+02   3.5600000e+02   9.2000000e+01   2.3000000e+01   4.0200000e+02   3.4100000e+02   1.2200000e+02   1.7000000e+01   2.0000000e+00
   3.7600000e+02   3.5600000e+02   9.1000000e+01   2.4000000e+01   3.9900000e+02   3.3800000e+02   1.2600000e+02   2.0000000e+01   2.0000000e+00
   3.7500000e+02   3.5400000e+02   9.4000000e+01   2.7000000e+01   3.9800000e+02   3.3700000e+02   1.2600000e+02   2.1000000e+01   2.0000000e+00
   3.7600000e+02   3.6700000e+02   6.7000000e+01   2.4000000e+01   4.0100000e+02   3.8000000e+02   4.5000000e+01   1.8000000e+01   2.0000000e+00
   3.7500000e+02   3.6600000e+02   7.0000000e+01   2.7000000e+01   4.0300000e+02   3.7700000e+02   4.8000000e+01   1.6000000e+01   2.0000000e+00
   3.7500000e+02   3.6700000e+02   6.9000000e+01   2.6000000e+01   4.0200000e+02   3.7600000e+02   4.8000000e+01   1.7000000e+01   2.0000000e+00
   3.7400000e+02   3.6800000e+02   6.8000000e+01   3.0000000e+01   4.0500000e+02   3.7800000e+02   4.7000000e+01   1.4000000e+01   2.0000000e+00
   0.0000000e+00   0.0000000e+00   0.0000000e+00   0.0000000e+00   0.0000000e+00   0.0000000e+00   0.0000000e+00   0.0000000e+00   0.0000000e+00
   0.0000000e+00   0.0000000e+00   0.0000000e+00   0.0000000e+00   0.0000000e+00   0.0000000e+00   0.0000000e+00   0.0000000e+00   0.0000000e+00
   3.7600000e+02   3.3300000e+02   1.3800000e+02   2.5000000e+01   4.0000000e+02   3.4400000e+02   1.1300000e+02   1.9000000e+01   2.0000000e+00
   3.7600000e+02   3.3200000e+02   1.4000000e+02   2.9000000e+01   4.0100000e+02   3.4400000e+02   1.1200000e+02   1.8000000e+01   2.0000000e+00
   3.7400000e+02   3.3100000e+02   1.4200000e+02   3.0000000e+01   4.0000000e+02   3.4400000e+02   1.1400000e+02   1.9000000e+01   2.0000000e+00
   3.7500000e+02   3.3100000e+02   1.3800000e+02   2.5000000e+01   4.0100000e+02   3.4300000e+02   1.1400000e+02   1.9000000e+01   2.0000000e+00
   0.0000000e+00   0.0000000e+00   0.0000000e+00   0.0000000e+00   0.0000000e+00   0.0000000e+00   0.0000000e+00   0.0000000e+00   0.0000000e+00
   0.0000000e+00   0.0000000e+00   0.0000000e+00   0.0000000e+00   0.0000000e+00   0.0000000e+00   0.0000000e+00   0.0000000e+00   0.0000000e+00
   0.0000000e+00   0.0000000e+00   0.0000000e+00   0.0000000e+00   0.0000000e+00   0.0000000e+00   0.0000000e+00   0.0000000e+00   0.0000000e+00
   3.7300000e+02   2.2900000e+02   3.4200000e+02   3.0000000e+01   4.0200000e+02   2.8800000e+02   2.2400000e+02   1.7000000e+01   2.0000000e+00
   3.7100000e+02   2.2900000e+02   3.4400000e+02   3.1000000e+01   4.0400000e+02   2.9000000e+02   2.2300000e+02   1.5000000e+01   2.0000000e+00
   3.7300000e+02   2.3000000e+02   3.4100000e+02   2.8000000e+01   4.0000000e+02   2.9000000e+02   2.2000000e+02   1.9000000e+01   2.0000000e+00
   3.7600000e+02   2.3200000e+02   3.3900000e+02   2.5000000e+01   4.0300000e+02   2.9100000e+02   2.2000000e+02   1.6000000e+01   2.0000000e+00
   3.7700000e+02   2.3200000e+02   3.4200000e+02   2.5000000e+01   4.0300000e+02   2.9100000e+02   2.2000000e+02   1.6000000e+01   2.0000000e+00
   3.7400000e+02   2.3000000e+02   3.4300000e+02   2.8000000e+01   4.0300000e+02   2.9200000e+02   2.2000000e+02   1.6000000e+01   2.0000000e+00
   3.7500000e+02   2.3200000e+02   3.3900000e+02   2.6000000e+01   4.0200000e+02   2.8900000e+02   2.2600000e+02   1.7000000e+01   2.0000000e+00
   3.7400000e+02   2.3100000e+02   3.4000000e+02   2.6000000e+01   4.0100000e+02   2.9100000e+02   2.2300000e+02   1.8000000e+01   2.0000000e+00
   3.7500000e+02   2.0800000e+02   3.8600000e+02   2.6000000e+01   4.0300000e+02   2.3700000e+02   3.2700000e+02   1.6000000e+01   2.0000000e+00
   3.7800000e+02   2.0700000e+02   3.8900000e+02   2.4000000e+01   4.0100000e+02   2.3700000e+02   3.2700000e+02   1.8000000e+01   2.0000000e+00
   3.7500000e+02   2.1000000e+02   3.8700000e+02   2.7000000e+01   4.0200000e+02   2.3800000e+02   3.2600000e+02   1.7000000e+01   2.0000000e+00
   3.7500000e+02   2.0800000e+02   3.8600000e+02   2.5000000e+01   4.0100000e+02   2.3800000e+02   3.2800000e+02   1.8000000e+01   2.0000000e+00
   3.7400000e+02   2.0600000e+02   3.8800000e+02   2.9000000e+01   4.0200000e+02   2.3600000e+02   3.3100000e+02   1.6000000e+01   2.0000000e+00
   3.7500000e+02   2.0800000e+02   3.8900000e+02   2.8000000e+01   4.0200000e+02   2.3900000e+02   3.2500000e+02   1.7000000e+01   2.0000000e+00
   3.7600000e+02   2.0800000e+02   3.8700000e+02   2.4000000e+01   4.0400000e+02   2.3800000e+02   3.2600000e+02   1.5000000e+01   2.0000000e+00
   3.7600000e+02   2.0900000e+02   3.8400000e+02   2.4000000e+01   4.0100000e+02   2.3700000e+02   3.2700000e+02   1.8000000e+01   2.0000000e+00
   3.7400000e+02   2.0900000e+02   3.8600000e+02   2.8000000e+01   4.0200000e+02   2.3900000e+02   3.2500000e+02   1.7000000e+01   2.0000000e+00
   3.7300000e+02   2.0700000e+02   3.8600000e+02   2.7000000e+01   4.0100000e+02   2.3700000e+02   3.2800000e+02   1.8000000e+01   2.0000000e+00
   0.0000000e+00   0.0000000e+00   0.0000000e+00   0.0000000e+00   0.0000000e+00   0.0000000e+00   0.0000000e+00   0.0000000e+00   0.0000000e+00
   3.7300000e+02   2.4100000e+02   3.0800000e+02   2.8000000e+01   4.0200000e+02   2.3700000e+02   3.3000000e+02   1.7000000e+01   2.0000000e+00
   3.7500000e+02   2.4100000e+02   3.0700000e+02   2.7000000e+01   4.0300000e+02   2.3700000e+02   3.3100000e+02   1.6000000e+01   2.0000000e+00
   3.7400000e+02   2.4100000e+02   3.0800000e+02   2.8000000e+01   3.9900000e+02   2.3400000e+02   3.3500000e+02   2.0000000e+01   2.0000000e+00
   3.7500000e+02   2.4300000e+02   3.0700000e+02   2.6000000e+01   4.0000000e+02   2.3600000e+02   3.3100000e+02   1.9000000e+01   2.0000000e+00
